1	1	1	1	1	0	.
0	0	1	0	0	1	.
1	1	0	0	0	0	.
0	0	0	1	1	0	.
0	1	1	0	0	0	80.23
0	0	0	0	0	1	65.05
1	1	0	1	1	1	.
1	1	1	1	1	0	89.64
1	0	0	0	0	0	.
1	0	0	1	1	0	.
0	0	0	0	0	1	51.42
1	0	0	0	0	1	.
1	0	1	0	1	0	52.57
1	1	1	1	1	1	.
1	1	0	.	1	1	63.36
1	0	0	0	0	1	.
0	0	1	0	1	0	59.88
1	1	1	1	1	0	.
0	0	0	0	0	0	.
0	1	0	0	0	0	.
0	0	0	0	1	0	97.56
1	0	0	1	1	1	.
0	0	1	0	1	1	.
1	1	0	0	1	1	72.27
1	0	1	0	0	1	66.62
0	0	0	1	1	1	.
1	0	0	0	0	1	.
0	0	1	1	1	0	.
0	0	1	1	0	1	45.05
1	1	0	0	1	1	65.2
1	1	1	1	1	1	65.68
1	1	1	1	0	1	.
0	0	0	0	0	1	79.79
1	1	1	1	1	0	70.44
1	0	0	0	0	0	74.75
0	0	0	0	0	0	.
1	0	0	0	0	1	.
1	0	1	0	0	0	40.68
0	0	0	0	0	1	.
1	0	1	0	0	1	.
0	1	0	0	0	1	60.11
0	0	0	1	0	1	.
1	0	0	1	1	0	.
1	0	1	1	1	0	.
1	0	0	1	0	1	.
0	0	0	0	0	0	.
1	1	1	1	1	0	.
0	1	0	0	0	1	.
1	0	0	1	0	1	84.38
0	0	0	0	0	1	85.95
0	0	0	1	0	1	72.79
1	0	0	1	0	0	.
1	.	1	1	1	0	67.71
1	0	0	1	1	0	.
0	0	0	1	1	1	.
0	0	0	.	1	0	.
1	0	1	0	1	0	.
1	1	1	1	1	1	79.65
1	1	1	1	1	0	.
1	1	1	.	1	0	69.43
1	1	0	0	1	1	.
1	0	0	0	0	0	.
1	0	0	0	1	0	.
1	0	0	.	0	0	67.57
0	1	1	0	0	0	.
0	0	0	0	0	0	85.13
1	0	0	1	1	1	74.08
1	1	0	0	0	1	.
.	0	0	0	0	0	.
1	1	1	1	1	0	.
1	1	0	1	1	1	.
0	0	0	1	0	0	68.04
1	1	1	1	1	1	.
1	1	1	1	1	0	.
0	0	0	1	0	0	.
0	0	0	0	0	1	.
1	1	1	1	0	0	.
1	0	1	0	0	0	.
0	0	0	0	0	1	.
1	1	0	1	1	1	.
0	1	1	0	1	1	42.82
1	1	1	1	1	0	66.01
1	0	0	0	0	0	.
0	1	1	1	1	1	74.98
0	1	0	0	0	0	.
0	0	0	0	0	0	.
1	1	1	1	1	0	79.82
1	1	0	0	0	0	.
1	1	0	1	1	1	51.06
0	0	0	0	0	1	78.66
1	1	0	0	0	0	.
1	0	0	1	1	0	96.39
1	1	0	0	0	1	73.07
1	0	1	1	0	0	.
1	0	0	1	0	1	.
0	.	0	0	0	0	.
1	0	0	0	0	0	.
0	0	0	0	0	0	.
1	1	1	1	1	0	.
0	0	0	0	0	0	.
0	0	0	0	0	0	.
0	1	0	1	0	1	.
0	0	0	1	0	1	.
0	0	0	1	0	1	60.47
1	1	1	1	1	1	.
1	1	1	1	1	0	.
1	0	1	0	0	1	.
1	1	1	1	1	1	72.38
0	1	0	0	0	1	57.18
0	0	1	1	1	1	.
1	0	0	0	1	0	84.86
1	1	1	1	0	0	.
0	0	0	0	0	1	.
0	0	0	0	0	1	67.42
1	1	0	0	1	0	.
1	0	0	0	1	0	94.53
1	1	1	1	1	0	.
1	1	1	1	1	0	56.29
1	1	1	1	1	0	56.13
1	0	0	0	1	0	.
1	1	1	1	1	1	.
1	1	0	0	1	1	.
1	1	1	1	1	0	76.52
1	0	1	0	1	0	56.88
1	0	0	1	0	1	.
0	0	.	1	0	1	.
0	1	1	0	0	1	.
1	0	0	0	0	1	.
1	0	1	1	0	0	.
0	0	0	0	1	1	.
0	1	0	0	0	0	.
1	1	1	1	1	0	.
1	1	1	0	1	1	.
0	0	0	0	0	1	.
0	1	1	1	1	0	66.72
0	1	.	1	1	0	.
0	0	0	0	0	0	.
1	1	1	0	0	1	.
1	0	0	0	0	1	.
1	1	0	1	1	1	74.58
1	0	1	1	1	0	.
1	0	0	0	1	1	.
1	1	1	0	1	0	79.21
0	0	0	0	0	1	.
1	1	1	1	1	0	.
1	0	0	0	0	0	.
1	0	0	0	0	1	.
0	0	0	1	1	1	.
0	0	0	1	0	0	54.25
0	0	0	0	0	0	.
1	1	1	1	0	1	.
0	0	0	0	0	1	.
1	1	1	1	1	0	.
1	0	1	0	1	0	64.6
1	1	1	0	1	0	.
1	1	1	1	1	1	.
1	1	1	1	1	0	84.09
1	1	1	1	1	0	.
1	0	0	0	1	1	.
0	0	1	1	1	0	.
0	0	1	0	0	1	.
0	0	0	0	0	0	.
0	0	0	0	0	0	.
1	1	1	0	1	0	.
1	1	1	1	1	0	.
0	1	1	1	1	1	.
0	0	0	0	0	1	84.54
0	0	0	1	0	1	.
1	1	1	0	1	1	.
1	1	1	1	1	1	.
1	0	0	1	0	1	.
1	1	0	1	0	1	.
0	0	1	0	1	1	.
1	0	.	0	0	1	.
1	1	1	1	1	0	.
1	1	0	1	0	1	.
1	1	1	1	1	0	42.11
1	0	0	0	0	0	89.1
0	1	1	1	0	1	79.76
0	0	1	0	0	0	.
.	0	0	0	.	0	47.12
1	1	1	1	1	0	88.5
0	0	0	0	0	1	66.77
0	0	0	0	0	0	.
0	0	0	1	1	1	75.22
0	0	0	0	0	1	.
1	0	1	0	0	0	.
0	0	0	0	0	1	.
1	0	1	1	0	0	39.14
1	1	1	1	1	0	77.37
0	0	0	0	0	0	.
1	1	1	1	1	1	.
0	0	0	0	0	0	.
0	1	1	0	1	1	67.42
0	0	0	0	0	1	64.62
1	0	1	0	1	1	.
1	1	1	1	0	0	.
1	0	1	1	1	1	68.58
0	0	0	0	0	0	60.34
0	0	0	0	0	0	.
0	0	0	0	0	0	.
0	0	0	0	1	1	.
1	1	0	0	0	1	51.39
1	1	1	1	1	1	68.1
0	0	0	1	1	0	.
0	0	1	0	0	1	69.93
1	0	1	0	0	0	60.46
1	1	.	0	.	0	.
1	0	1	1	1	0	67.9
1	0	1	0	0	0	.
1	1	1	0	1	0	88.35
0	0	0	0	1	0	.
1	1	1	0	0	1	.
1	0	0	0	1	1	64.42
1	0	1	0	0	1	.
1	1	1	1	1	1	.
0	1	1	1	1	1	66.04
1	1	1	0	0	1	.
1	0	1	0	1	0	.
1	1	1	1	0	0	90.83
1	0	0	0	0	0	.
0	0	0	0	0	1	.
1	1	1	1	1	1	.
1	1	1	1	1	1	73.79
1	0	0	0	0	0	.
0	0	0	0	0	1	.
1	0	1	0	1	1	.
0	0	1	0	0	0	.
0	0	0	0	0	0	32.18
1	1	.	1	1	1	64.63
0	0	0	0	0	1	91.45
0	0	0	0	0	0	.
1	0	0	0	0	1	78.05
0	0	1	0	0	0	.
0	0	0	0	0	0	.
0	0	1	0	0	0	72.98
0	1	1	1	1	0	57.28
.	.	.	.	1	0	.
0	1	1	1	1	0	64.72
0	0	0	0	0	0	.
1	1	1	1	1	1	.
0	0	0	0	0	0	82.69
0	0	0	0	0	0	76.93
0	0	0	0	0	0	.
1	0	1	0	0	1	.
1	0	0	0	0	1	.
1	0	1	1	1	1	58.98
1	0	1	0	0	1	64.97
0	0	1	1	1	1	.
1	1	1	1	1	0	.
0	0	0	0	0	1	.
1	0	1	0	1	0	90.15
1	1	1	1	1	0	.
1	1	1	1	1	0	75.71
1	0	0	1	0	0	.
1	0	1	1	1	0	61.43
0	0	0	0	0	0	41.04
1	1	1	0	1	1	84.07
1	0	0	0	1	0	81.21
0	0	0	0	0	1	.
0	0	0	0	0	1	.
1	1	0	0	0	0	.
0	1	1	1	1	1	.
0	0	0	0	0	1	.
1	1	1	1	1	1	.
1	1	1	1	1	0	.
1	1	1	1	1	0	66.44
1	0	1	0	1	0	62.96
1	1	1	1	1	0	.
1	0	1	0	1	0	56.44
0	0	0	0	0	0	.
1	1	1	1	1	0	41.68
0	0	0	1	0	1	74.43
1	0	.	0	0	1	75.35
1	1	0	1	1	0	59
0	0	0	0	1	0	.
0	0	0	0	0	1	.
1	1	1	1	1	1	.
1	1	1	1	1	0	.
1	0	0	1	0	0	75.28
1	0	0	0	0	1	.
1	1	0	1	1	1	.
1	1	1	1	1	0	.
0	0	0	0	0	0	.
0	1	1	1	1	1	.
1	1	1	1	1	0	.
1	0	1	1	0	0	.
0	1	0	0	0	1	.
1	0	0	0	1	1	.
0	1	0	1	1	0	.
0	0	0	0	0	0	.
1	0	0	0	0	1	35.71
0	0	0	0	0	1	.
1	1	0	0	1	1	70.16
1	1	1	1	1	1	.
0	0	1	0	1	0	.
1	1	1	1	0	0	.
0	0	0	0	0	0	.
1	0	1	0	0	1	.
1	1	0	0	1	0	.
0	0	0	0	1	0	.
1	1	1	1	1	0	.
1	1	1	1	1	0	68.41
1	1	1	1	1	0	.
1	1	1	0	1	0	.
1	0	0	0	0	1	.
1	0	0	0	0	1	.
1	1	1	0	0	0	.
0	0	0	0	0	0	78.72
0	1	1	1	1	0	.
1	0	0	0	0	0	45.49
1	0	0	0	0	0	.
1	1	1	1	1	1	.
0	0	0	0	0	1	.
0	0	1	1	0	0	52.13
0	0	0	1	1	0	.
0	0	0	0	0	0	.
0	0	0	0	1	1	.
1	1	0	1	1	0	.
1	1	1	1	1	0	57.22
0	0	0	0	0	1	.
0	0	0	0	0	1	79.41
0	0	0	0	0	1	.
1	0	0	0	0	0	61.05
1	1	1	1	1	0	38.54
1	1	1	1	1	1	62.62
0	0	0	0	0	1	52.63
1	0	0	0	0	1	.
0	0	0	0	0	1	.
0	0	0	0	0	0	.
1	1	0	0	1	0	80.33
0	1	1	0	1	1	.
0	0	.	0	0	1	.
0	0	0	0	0	1	86.23
1	1	1	1	1	1	.
1	0	1	1	1	0	41.35
0	0	0	0	0	0	.
1	0	1	0	0	1	.
0	0	0	0	0	0	.
1	0	0	0	0	0	.
0	0	0	0	0	1	73.7
0	0	0	0	0	1	62.26
1	1	1	0	0	0	83.75
0	0	0	0	1	0	.
1	0	0	1	1	1	78.08
1	1	1	1	0	0	.
1	1	0	0	0	0	.
1	0	1	0	1	1	77.61
1	1	0	0	0	0	.
1	1	1	0	1	0	.
1	1	1	1	1	0	.
1	0	0	0	1	0	60.64
0	0	0	0	0	1	.
1	0	1	0	0	0	.
0	0	0	0	0	0	63.18
1	0	1	0	0	1	.
0	0	0	0	0	1	.
1	1	1	1	1	0	.
1	0	1	0	1	0	54.72
1	1	1	1	1	0	67.69
0	0	0	0	1	0	86.58
1	0	0	0	1	0	.
0	0	0	0	0	1	.
0	0	1	0	1	1	.
1	1	1	1	1	1	.
1	0	1	1	1	0	81.2
0	0	0	0	0	1	.
1	1	1	1	1	1	.
1	1	.	0	0	0	.
1	0	1	0	1	0	.
1	1	1	1	1	1	77.5
0	0	0	0	0	1	69.11
1	1	1	1	1	0	.
1	1	.	1	1	1	.
0	0	0	0	0	0	88.96
1	1	0	0	1	0	68.57
0	0	0	0	0	1	.
1	0	1	0	0	1	.
1	1	1	0	0	1	37.9
1	1	.	1	1	0	.
0	0	0	0	0	0	.
0	0	1	0	0	0	52.8
1	0	1	1	1	1	.
1	0	.	0	0	1	.
1	0	0	0	0	1	.
0	1	1	1	1	1	69.07
1	0	0	0	0	1	74.53
1	0	0	0	0	1	.
0	0	1	1	0	0	.
0	1	0	0	0	0	.
1	1	1	1	1	0	.
1	1	1	1	1	0	.
1	0	0	0	0	1	63.52
0	1	1	1	0	0	58.92
1	0	1	0	1	0	69.74
1	1	1	1	1	0	70.37
0	1	1	0	0	1	.
0	0	0	0	0	1	.
0	0	0	0	0	0	.
0	0	0	0	0	0	63.18
0	0	1	1	0	0	.
1	.	1	0	1	0	57.97
0	0	1	0	0	0	59
1	0	0	1	1	1	.
1	0	0	1	0	0	.
0	0	1	0	0	1	90.5
1	0	1	1	1	1	.
1	0	1	0	0	1	44.43
0	0	0	1	0	0	.
1	1	1	1	1	0	.
0	0	0	0	0	1	.
0	0	1	0	1	1	71.7
0	1	1	1	1	0	62.6
1	1	0	0	0	0	.
0	0	0	0	0	0	.
1	0	0	0	0	1	58.72
1	.	0	0	0	1	86.53
0	1	1	0	1	1	92.4
0	0	0	0	0	1	.
0	0	0	0	0	1	.
0	0	0	1	0	0	.
1	1	0	1	1	1	.
1	0	0	0	0	0	.
1	0	0	0	0	1	71.39
1	0	1	0	1	1	.
1	0	1	1	0	0	.
1	0	1	1	1	1	78.54
1	0	0	0	0	0	68.57
1	1	1	1	1	1	71.72
1	0	1	0	1	0	.
1	0	1	0	1	1	47.97
1	1	1	.	1	1	.
0	0	0	0	0	1	.
1	1	0	0	0	1	64.68
1	1	1	1	1	0	91.28
1	0	1	1	1	1	.
0	0	0	0	0	1	.
1	1	1	1	1	1	83.64
1	1	1	0	1	0	94.37
0	0	0	0	0	0	.
1	0	1	0	0	1	81.15
1	0	1	0	0	0	.
1	0	1	0	1	0	84.02
0	0	0	0	0	0	.
1	1	1	1	1	0	76.31
1	1	1	0	1	0	75.16
1	0	0	0	0	0	.
0	0	0	0	0	1	.
1	0	0	0	0	1	77.23
0	0	1	1	1	1	57.77
1	1	0	0	0	0	.
0	0	1	0	0	1	.
1	0	0	1	0	0	.
0	0	0	1	0	1	.
0	0	0	0	1	0	55.34
1	1	1	1	1	1	.
1	1	1	1	1	1	.
1	0	0	0	0	1	.
1	0	0	0	0	0	.
0	0	0	0	0	1	.
0	0	0	0	0	1	.
1	1	1	0	0	0	.
1	1	1	0	0	1	.
0	0	0	0	1	0	.
0	0	0	1	0	0	.
1	0	0	0	0	0	.
1	0	0	0	1	0	.
0	0	0	0	0	0	44.29
0	0	1	0	0	1	49.68
1	1	0	0	1	1	.
0	0	0	0	0	0	72.14
1	1	1	1	1	0	64.17
1	0	0	0	0	1	.
1	0	1	0	1	0	.
0	0	0	0	0	1	72.18
0	0	0	0	0	0	.
1	1	1	1	1	1	.
1	0	1	0	0	1	.
1	0	0	0	0	0	.
0	1	1	1	1	0	.
1	1	1	0	0	1	84.05
1	1	1	1	1	0	.
1	0	0	0	0	0	.
1	0	1	1	0	0	.
0	0	0	1	0	0	50.62
1	0	1	0	0	1	.
0	0	0	0	0	1	75.38
1	1	0	0	0	0	.
1	0	0	1	0	0	66.03
0	0	0	0	0	0	40.06
0	0	0	0	0	0	.
1	1	1	1	1	0	.
0	0	0	0	0	1	64.62
1	0	0	0	0	1	.
1	1	1	1	1	1	93.02
1	1	0	1	0	0	41.85
1	0	1	0	0	0	.
1	1	1	1	1	0	.
0	0	0	0	0	0	40.63
1	1	1	1	0	0	80.25
0	1	.	1	1	1	66.16
1	0	0	0	1	1	75.07
1	0	0	0	0	1	93.96
0	0	0	0	0	0	55.38
1	0	1	1	1	1	.
0	0	0	0	0	1	.
1	0	0	0	0	0	.
1	1	1	0	1	0	.
0	0	0	0	0	0	85.81
0	0	1	1	1	1	.
1	0	0	1	1	0	.
1	1	1	1	1	0	.
0	1	0	1	1	1	.
1	1	1	0	0	0	.
1	1	1	1	1	1	64.33
1	1	.	1	1	0	.
0	1	1	1	1	0	.
1	0	1	0	1	0	.
0	0	0	0	0	1	.
1	0	0	0	0	0	.
1	1	1	0	1	1	.
1	1	1	1	1	0	41.56
0	0	0	0	0	0	47.47
0	1	1	1	1	0	.
0	0	0	0	0	1	.
0	1	0	0	0	0	.
1	1	1	1	0	0	64.77
1	0	1	0	1	1	.
1	1	1	1	1	1	85.2
0	1	1	0	0	0	.
1	0	0	0	0	0	60.65
1	0	0	0	0	1	.
0	1	0	1	1	1	.
1	1	1	0	1	1	.
1	0	1	1	1	0	.
1	1	1	1	1	0	.
0	1	1	0	0	1	78.58
0	1	0	1	1	1	67.17
1	1	1	1	0	1	43.2
1	0	0	0	0	1	.
1	0	1	0	0	0	.
1	1	1	1	1	0	68.9
1	0	1	0	0	1	.
1	1	0	0	1	1	.
0	0	0	0	0	0	.
0	0	1	1	0	1	.
0	1	0	1	0	1	.
0	0	0	0	0	1	.
1	0	1	0	0	0	86.44
0	0	.	0	0	0	.
1	1	1	1	1	0	71.41
0	0	1	1	0	0	48.4
1	1	1	1	1	0	78.45
1	1	1	0	0	1	47.27
0	0	0	0	1	1	.
0	0	0	0	0	0	.
1	1	1	0	1	1	.
1	0	1	1	1	0	.
1	0	1	0	1	1	.
1	.	0	0	0	0	.
1	0	0	0	0	1	64.76
1	1	0	1	1	0	.
0	0	0	0	0	0	.
1	0	0	1	0	0	50.16
0	0	1	0	1	1	.
1	1	1	0	0	0	.
1	0	0	0	0	1	64.77
1	1	1	1	1	0	.
1	0	0	0	0	0	.
1	1	1	0	0	0	.
1	1	1	1	1	0	.
1	1	0	1	0	0	66.98
0	0	0	1	1	0	.
1	1	1	0	1	0	.
0	0	0	0	0	0	.
0	1	1	1	1	1	77.72
1	1	1	0	1	0	92.57
1	1	1	.	1	1	.
0	0	0	0	0	0	.
1	0	0	0	0	1	48.76
1	0	0	0	0	1	.
0	0	0	0	0	1	.
0	0	0	0	0	0	80.8
1	0	0	0	0	0	.
1	0	1	0	1	0	86.98
0	0	.	0	0	1	52.28
1	0	0	0	0	1	.
1	0	0	.	0	1	.
1	1	1	1	1	0	34.78
1	0	0	0	.	0	.
0	1	0	0	0	0	.
0	0	0	1	1	1	37.24
0	0	1	0	0	0	.
1	1	1	1	1	1	.
0	0	0	0	0	0	.
1	0	1	0	1	0	.
1	1	1	1	1	0	.
1	0	0	0	0	1	.
0	0	0	0	0	0	.
0	0	0	0	0	1	.
1	0	0	1	0	0	49.67
1	1	1	0	0	0	88.94
1	1	1	1	1	0	.
1	0	1	0	1	1	.
0	0	0	1	0	0	.
0	0	0	1	0	0	.
0	0	1	0	1	1	44.18
0	0	0	0	1	1	71.18
1	1	1	1	1	1	45.28
1	0	0	0	0	0	.
1	1	1	1	1	0	.
0	1	1	0	0	0	.
1	0	1	0	1	1	.
1	0	1	1	0	0	.
1	0	1	0	0	0	92.29
1	1	1	1	1	0	.
1	0	1	0	0	0	.
0	0	0	0	0	0	.
0	.	1	1	1	1	.
1	1	1	1	1	1	83.83
0	1	0	0	0	1	.
1	1	1	1	0	0	.
1	1	1	0	0	1	56.92
1	1	0	1	1	0	.
0	0	0	1	1	0	.
1	0	.	0	0	0	.
0	1	1	0	1	1	.
1	.	.	1	1	1	28.02
1	0	1	0	0	0	.
1	1	1	1	1	1	.
1	0	1	0	0	0	.
1	0	0	0	1	1	.
0	0	0	0	0	0	.
0	0	0	0	0	1	.
0	0	0	0	0	0	.
1	1	0	0	0	1	76.17
.	.	.	.	1	0	.
1	1	1	1	1	1	.
1	0	0	0	0	0	.
1	0	0	1	1	1	.
0	1	0	1	1	0	.
0	1	0	0	0	0	85.1
1	1	1	1	1	0	95.39
1	0	0	0	0	1	67.72
1	0	0	1	0	0	69.81
1	0	0	1	1	0	88.15
0	0	0	0	0	1	64.18
1	1	1	1	0	1	81.49
0	1	.	.	.	1	.
1	0	0	0	0	0	45.03
0	0	0	0	0	1	91.3
0	0	0	0	1	0	.
1	.	1	0	0	0	.
0	0	1	0	0	0	83.98
1	0	0	0	1	1	52.09
0	1	1	0	1	0	.
0	0	0	0	0	1	.
1	0	1	0	0	1	66.05
0	0	0	0	0	1	.
1	1	1	1	1	1	.
1	1	1	1	1	0	.
1	1	1	1	1	0	.
0	0	0	1	1	0	.
0	0	0	1	1	0	53.89
1	1	1	1	1	1	.
1	0	1	0	0	0	.
1	1	1	1	1	1	.
0	.	0	0	0	0	70.29
1	1	0	0	0	1	81.38
0	0	1	0	0	0	.
1	0	0	0	1	0	74.03
1	0	1	1	1	1	69.94
0	0	0	1	1	1	.
1	1	1	1	1	0	80.51
1	0	1	1	1	0	92.83
0	0	0	0	0	0	.
0	0	.	0	0	1	.
0	0	0	0	0	1	56.85
1	.	0	1	1	0	.
0	0	0	0	0	1	.
0	0	0	0	0	1	78.53
1	1	1	1	1	0	.
1	0	0	0	1	1	.
1	0	1	0	0	0	.
0	1	1	1	1	0	.
0	0	0	0	0	1	45.5
1	1	0	1	1	0	.
1	1	1	0	0	1	.
1	1	1	0	1	1	.
1	0	0	0	0	0	68.99
1	0	1	.	0	1	74.88
1	1	1	1	0	0	44.58
0	0	1	1	1	1	.
1	0	0	0	0	0	69.47
1	1	1	0	1	0	.
1	1	1	1	1	0	75.05
1	0	1	1	1	1	91.4
0	0	0	0	0	1	.
1	1	0	0	1	0	.
1	0	1	1	0	1	.
0	0	0	0	0	1	68.48
1	0	0	0	0	0	.
1	0	0	1	1	1	.
0	1	0	0	0	1	.
0	0	0	0	0	1	.
1	1	0	0	1	1	.
0	1	1	1	0	0	.
0	1	1	1	1	0	.
1	0	1	0	0	1	.
1	1	0	1	0	1	63.89
1	0	1	0	0	0	.
0	0	0	1	0	0	72.56
1	0	0	0	0	0	.
1	1	0	0	1	1	55.7
1	0	0	0	0	1	68.86
1	0	0	0	0	0	.
1	0	0	1	1	0	58.1
1	0	0	1	1	0	.
0	1	0	0	1	1	.
0	0	0	1	1	0	64.59
0	0	0	0	0	0	.
1	0	0	0	0	1	62.97
1	0	0	1	1	1	64.55
1	0	0	0	0	1	78.71
1	0	1	0	0	0	.
0	0	0	0	0	1	.
0	0	0	0	0	1	.
1	.	1	1	1	1	.
0	0	0	0	0	0	.
1	1	0	0	0	1	67.63
0	0	1	0	0	0	27.01
1	0	1	0	0	0	.
1	1	1	1	1	1	.
1	1	1	0	0	0	.
1	0	0	0	1	1	.
0	0	0	0	0	1	.
1	1	0	1	0	1	52.24
1	1	0	1	1	1	.
1	0	0	1	0	0	.
0	0	0	0	1	0	55.64
0	1	0	0	0	1	60.59
1	1	0	1	1	1	79.4
0	0	0	0	0	1	.
1	0	0	0	0	0	.
1	0	1	0	0	1	.
1	1	1	1	1	1	.
0	0	0	0	0	1	.
0	0	0	0	0	1	63.21
1	0	0	0	0	1	.
1	.	1	0	1	0	36.84
1	1	1	1	1	0	65.4
1	0	0	0	0	1	.
0	0	0	0	0	1	.
0	0	1	0	0	0	.
1	1	1	1	1	0	.
1	0	1	1	1	1	.
1	1	1	1	1	1	.
1	0	0	0	0	1	40.89
0	0	0	0	0	0	.
1	0	1	1	1	0	72.08
1	1	1	1	0	0	81.9
1	1	1	1	1	1	.
1	.	.	1	0	1	.
1	1	1	1	1	1	62.06
1	0	0	0	0	1	.
1	.	0	1	0	1	.
1	0	.	0	0	1	.
0	0	0	0	0	0	.
1	0	0	0	1	0	59.55
0	0	0	0	0	1	.
1	0	0	0	0	0	.
0	0	0	0	0	1	.
1	1	1	0	0	1	.
0	0	0	0	0	0	55.37
1	0	1	1	0	1	68.88
1	0	0	0	0	1	.
1	1	1	0	1	0	90.54
1	1	1	1	1	1	.
0	0	0	0	1	1	.
1	1	1	1	1	0	.
1	1	1	1	1	0	.
1	0	1	1	0	0	.
1	0	1	1	0	1	69.64
0	0	0	0	0	1	79.3
1	1	1	1	1	0	44.24
0	0	0	1	1	1	65
0	0	1	0	0	0	.
0	0	0	1	0	0	.
1	0	1	0	0	1	59.73
1	0	0	0	1	0	.
1	1	1	1	1	0	.
1	1	1	1	1	0	.
.	1	0	0	0	0	.
1	0	0	0	0	0	65.69
1	1	1	1	1	0	.
0	0	0	0	0	0	40.29
1	1	1	1	1	0	83.35
0	0	0	0	0	0	.
1	0	1	1	1	0	.
0	0	0	0	0	1	87.72
1	0	0	1	1	0	.
.	.	1	.	0	0	.
1	0	0	0	0	0	.
1	1	1	1	1	0	89.34
0	1	1	1	1	1	51.34
1	0	1	1	1	0	67.74
0	0	0	0	0	0	.
1	0	0	0	0	0	.
0	0	0	0	0	1	.
1	0	.	0	1	0	.
1	1	0	0	1	1	.
0	0	1	0	0	0	70.53
0	0	0	0	0	1	.
0	0	0	0	0	0	.
1	.	0	0	1	1	.
1	1	1	1	1	0	.
1	0	0	1	1	0	.
0	0	0	0	0	0	.
0	0	0	0	0	0	71.77
1	1	1	1	1	0	46.05
1	0	0	0	0	1	.
0	0	0	0	0	0	.
1	0	0	0	1	1	62.09
1	1	1	0	1	0	89.81
1	0	0	0	0	1	75.07
1	0	1	0	1	1	.
1	0	1	1	0	0	.
0	0	0	0	0	1	66.19
.	1	1	1	1	0	.
1	0	0	0	0	1	.
1	1	0	0	1	1	.
1	1	1	0	0	0	.
0	0	1	1	1	0	78.65
1	0	0	0	0	0	81.32
1	0	1	1	0	0	87.88
1	1	0	0	0	1	.
1	0	0	0	0	1	69.3
1	1	1	1	1	0	.
0	0	0	1	0	1	.
1	0	1	0	1	1	63.03
0	0	0	0	0	0	.
0	0	0	0	0	0	.
1	1	1	1	1	1	.
0	0	0	1	0	0	.
0	0	1	0	0	1	69.56
1	1	1	1	1	1	73.13
0	0	0	0	1	1	.
1	1	1	0	1	1	68.67
.	0	0	0	0	0	61.53
0	0	0	0	0	1	78.87
1	0	1	0	0	1	.
1	1	0	1	0	0	79.43
0	0	0	0	0	1	.
1	.	1	0	1	1	.
1	0	1	.	0	1	.
0	0	.	0	0	0	.
1	0	0	0	1	0	.
1	1	1	0	0	1	.
0	0	0	0	0	1	.
0	1	0	0	0	0	.
0	0	1	0	0	0	.
0	0	0	0	0	0	.
0	0	0	0	0	0	.
1	1	1	1	1	0	82.29
1	0	1	0	0	1	.
1	1	1	1	1	0	.
0	0	0	0	0	1	.
0	0	0	0	0	0	.
1	0	0	1	1	0	.
0	0	0	0	1	0	.
0	0	0	0	0	1	64.75
1	0	1	0	0	1	77.94
0	0	0	0	0	0	.
1	1	0	0	1	0	42.3
1	1	0	1	0	1	.
1	0	1	1	1	0	90.03
1	1	1	1	1	1	72.7
0	0	1	1	1	0	.
1	0	0	0	1	0	.
1	0	0	0	1	1	.
0	0	0	1	0	0	.
1	0	0	0	0	0	50.98
0	0	1	0	0	0	.
1	0	0	0	0	1	64.8
0	0	0	0	0	1	.
0	1	1	0	0	1	.
0	1	1	0	1	0	.
0	0	0	0	0	0	.
0	0	0	0	0	1	.
1	1	1	0	1	0	.
1	0	1	1	1	1	.
0	0	1	1	1	0	.
1	0	1	1	1	0	.
1	1	1	0	1	0	97.67
1	0	0	0	1	1	45.98
0	1	1	1	0	1	80.99
1	0	0	0	1	1	.
0	0	1	0	0	1	.
1	0	0	0	0	1	43.84
1	0	1	0	0	1	.
0	0	0	0	0	0	.
1	.	1	1	0	0	.
1	1	1	1	1	1	.
1	1	1	0	1	1	83.94
0	0	1	0	0	1	.
1	1	1	.	1	1	.
0	0	1	0	0	1	71.25
0	1	1	.	0	1	.
1	1	0	0	1	0	49.19
1	1	1	1	1	1	.
1	0	0	1	0	1	.
0	0	0	0	0	1	43.66
0	0	0	1	0	0	.
0	0	0	0	0	1	.
1	0	0	1	0	0	81.36
1	0	0	0	0	0	.
1	1	1	1	1	0	.
1	1	1	1	1	0	.
1	0	0	0	0	1	.
1	0	0	0	1	0	.
1	1	1	1	0	0	78.62
1	0	1	0	1	1	57.34
1	1	1	1	1	1	85.86
1	0	1	0	0	0	.
1	0	0	0	1	0	.
1	.	.	1	0	0	50.53
0	1	1	0	0	0	.
1	1	1	1	1	1	.
1	0	0	0	0	1	47.06
1	1	1	0	1	0	.
0	0	0	0	0	0	.
0	0	1	0	0	1	.
1	0	1	0	1	1	52.25
1	0	0	0	0	1	73.92
1	0	1	1	1	1	85.22
1	1	1	1	1	0	69.47
1	0	1	1	1	0	.
0	0	0	1	0	1	78.29
1	1	1	1	1	0	.
0	0	1	0	0	0	67.62
1	0	1	0	0	0	.
1	0	0	1	1	0	77.97
1	0	0	0	0	0	.
1	1	1	1	1	1	50.96
0	0	0	0	0	0	.
1	0	1	0	0	1	.
1	1	0	0	0	1	.
1	0	1	1	1	0	.
1	0	1	0	1	1	71.88
0	0	0	0	0	0	.
1	1	1	1	1	0	.
0	1	1	1	1	0	.
1	1	1	1	1	1	71.42
1	0	1	0	1	0	.
1	1	1	1	1	1	36.18
1	1	0	0	0	0	.
1	0	1	1	1	1	.
1	1	1	1	1	1	.
0	1	1	0	0	0	.
1	1	1	0	1	1	58.65
0	0	0	0	0	0	.
1	0	0	1	1	0	.
1	1	0	1	0	0	.
1	0	1	1	1	0	82.15
0	0	0	0	0	0	.
0	0	0	0	0	1	84.9
1	1	1	1	1	0	.
0	0	0	0	0	1	.
1	1	1	1	1	1	76.85
0	1	1	0	1	0	46.06
1	0	0	0	0	1	.
0	0	0	0	1	1	.
0	0	0	0	0	0	87.93
1	1	1	1	1	0	86.06
0	1	1	1	1	0	.
1	0	0	1	1	0	.
0	0	1	1	1	0	89.16
1	0	0	1	1	0	.
0	1	1	1	1	1	.
1	0	0	1	1	0	.
1	1	1	1	1	1	.
0	1	1	1	1	1	72.61
0	0	0	0	0	1	84.8
0	1	1	1	0	1	64.9
1	0	0	0	0	1	.
1	0	0	1	0	0	64.68
1	1	0	0	0	1	44.44
0	0	0	0	0	0	85.13
1	0	0	0	0	1	76.39
0	0	0	0	0	1	.
1	0	1	0	1	1	62.96
0	0	1	1	0	0	.
1	0	0	0	1	1	56.11
1	1	0	0	0	1	.
1	0	0	0	1	1	65.45
1	1	1	0	1	0	.
1	1	0	1	1	1	.
1	0	1	1	1	0	95.57
0	0	0	0	0	1	.
0	0	1	1	0	0	.
1	0	0	0	0	1	.
0	0	1	0	1	0	.
0	1	0	1	1	0	.
1	1	1	1	1	0	.
1	0	0	0	0	0	78.7
0	1	1	1	1	1	86.04
1	0	1	0	1	1	.
0	0	0	0	0	1	.
1	0	0	0	1	1	59.91
1	0	0	0	0	0	.
1	1	1	0	0	1	56.78
1	0	1	0	0	1	54.74
1	1	0	1	0	0	.
0	1	1	1	1	0	81.61
1	1	1	0	0	0	.
0	1	0	0	1	0	89.75
1	0	0	1	1	0	72.08
0	0	0	0	0	0	46.23
1	1	1	0	1	1	49.16
1	1	1	1	1	0	62.32
1	1	1	0	1	1	.
0	1	0	1	0	0	.
0	0	0	0	0	1	.
1	1	1	1	1	1	.
1	0	1	0	0	0	80.1
.	0	0	0	0	1	.
0	0	0	0	0	1	.
1	0	1	0	1	0	64.21
1	.	1	1	1	1	.
0	0	0	0	0	1	58.63
0	0	0	1	0	1	.
1	1	0	0	0	0	33.29
0	1	1	1	0	1	55.95
1	1	1	1	1	1	78.47
1	0	0	0	0	1	.
0	1	0	1	1	1	.
0	0	0	1	1	1	76.44
1	1	1	1	1	1	.
1	0	0	0	0	0	.
0	0	0	0	0	1	62.15
1	0	1	1	1	1	.
1	1	1	1	1	0	74.06
1	1	1	1	0	1	.
1	1	1	0	1	0	.
0	0	0	0	0	0	.
1	0	1	0	1	1	81.92
1	0	0	1	1	0	84.54
1	1	1	1	0	1	62.22
0	1	1	0	1	1	.
1	1	1	1	1	1	.
1	1	1	1	1	1	.
1	1	1	1	1	0	73.13
1	1	1	1	0	1	.
1	1	1	1	1	1	61.64
1	0	1	0	0	1	.
0	0	0	0	0	0	.
1	1	1	1	1	0	.
0	0	0	.	0	0	.
1	0	1	0	0	1	65.04
1	1	1	1	1	1	81.78
0	0	0	0	0	0	.
1	1	1	0	1	0	65.93
1	0	0	0	0	0	99.3
0	0	0	1	1	0	55.69
0	0	1	0	0	0	67.83
1	1	1	1	1	0	61.44
1	0	1	0	0	0	.
0	0	0	0	0	1	.
1	.	0	0	0	1	.
1	1	1	1	1	1	.
1	0	0	0	0	1	54.1
0	1	1	1	1	0	.
0	0	0	0	0	1	.
0	0	0	0	0	0	.
0	0	0	0	0	1	.
1	1	1	1	1	1	59.07
0	0	0	0	1	1	68.81
1	0	0	0	0	0	66.35
1	1	1	1	1	0	.
1	0	0	0	1	0	.
1	1	0	1	1	1	86.89
1	1	1	1	1	0	75.3
1	1	1	1	1	0	.
0	1	1	0	0	1	51.84
1	1	1	1	0	1	.
1	1	.	0	0	1	52.69
1	1	0	1	0	0	.
1	0	1	0	0	1	45.91
1	1	0	0	0	0	.
1	0	0	0	0	1	.
0	0	0	0	0	0	.
1	0	.	0	1	1	.
0	0	0	0	0	1	.
1	1	1	1	1	0	.
1	0	1	0	0	1	90.14
0	0	0	0	0	1	.
0	1	1	1	1	0	.
0	1	1	0	1	1	.
1	0	0	0	0	1	.
1	1	1	1	1	0	.
1	1	1	1	0	0	.
1	0	0	0	1	1	82.72
1	0	1	0	0	1	73.89
0	0	0	0	0	0	.
1	1	1	1	1	1	.
1	0	1	0	0	1	63.22
1	1	1	1	1	1	87.16
0	0	0	0	0	1	.
1	0	0	0	0	1	77.58
0	0	1	0	0	0	.
1	0	1	1	1	1	.
1	0	0	0	0	0	96.5
1	0	0	0	0	1	.
1	1	1	1	1	0	.
1	0	0	1	1	1	71.36
1	0	0	0	0	1	69.34
1	0	0	0	0	1	79.68
1	0	0	1	0	0	.
0	0	0	0	0	0	.
1	0	0	0	0	0	.
1	.	0	0	1	1	.
1	0	0	0	0	1	75.14
1	1	0	0	1	0	.
1	1	1	1	1	1	66.37
0	0	0	0	0	0	85.54
0	0	0	1	0	1	62.27
0	1	1	0	1	1	.
0	0	0	0	0	0	.
0	0	1	0	0	0	76.22
1	0	0	0	0	0	.
0	0	1	1	1	0	85.05
1	1	1	0	0	0	.
1	0	1	1	1	1	.
1	1	0	1	1	0	.
1	1	1	1	1	1	.
0	1	1	0	1	0	64.51
0	0	0	0	0	1	88.69
0	0	1	1	0	0	.
0	1	0	0	0	0	.
1	1	1	1	1	0	81.43
0	0	0	0	0	1	.
1	0	1	0	1	0	.
0	0	0	0	0	0	.
1	0	1	1	1	1	.
1	1	1	0	0	0	.
1	1	0	1	1	1	.
1	.	.	.	.	0	.
1	0	0	0	1	0	.
0	0	0	0	0	1	85.66
0	1	0	1	0	0	51.04
0	0	0	0	0	0	.
0	0	0	0	0	1	79.4
0	0	1	0	1	1	.
0	0	0	0	0	1	73.37
1	1	1	0	1	1	66.07
1	1	1	0	1	0	.
0	0	1	1	0	1	50.18
0	1	0	0	0	1	68.69
0	0	0	0	0	1	.
1	.	.	.	.	1	.
1	1	.	0	0	0	.
1	1	1	1	1	1	72.01
0	1	0	1	1	1	85.38
1	1	1	1	1	0	.
1	0	0	0	0	0	.
0	0	0	0	0	1	83.1
1	0	0	0	0	1	45.2
1	1	1	0	1	0	.
0	0	0	0	0	0	.
0	0	1	1	1	0	66.09
1	0	1	1	1	0	.
1	0	1	1	1	1	.
1	0	0	0	0	1	71.89
0	0	1	1	1	1	.
1	1	1	0	1	0	73.99
0	0	1	0	0	1	.
1	1	.	1	1	0	65.84
0	0	1	0	0	0	.
0	0	0	0	0	1	89.87
0	0	0	0	0	0	.
0	0	0	0	0	1	.
1	0	0	0	0	1	.
0	1	0	0	1	0	.
1	0	1	.	1	0	.
0	0	0	0	0	0	66.1
0	0	0	0	0	1	.
0	.	0	0	0	1	67.19
1	0	1	0	0	0	.
1	0	0	0	0	1	68.04
1	0	0	0	0	1	.
1	0	0	0	1	1	.
0	0	0	1	1	0	.
0	0	0	0	0	1	76.55
0	1	0	0	1	1	84
0	0	0	0	0	0	.
1	1	1	1	0	0	62.03
1	0	0	0	1	1	.
0	.	1	1	0	0	34.48
0	1	1	1	1	0	.
1	1	0	1	1	0	73.84
0	0	0	0	0	0	.
0	0	0	0	0	0	.
0	0	0	0	0	1	72.32
1	1	1	1	1	0	.
1	1	1	0	0	1	64.5
1	0	1	0	0	1	.
1	0	1	1	0	0	75.31
1	1	0	1	1	0	60.98
0	0	1	0	0	0	.
1	0	1	0	0	0	80.61
1	0	1	0	1	0	87.35
1	1	1	0	0	1	.
0	0	0	0	0	1	53.06
1	0	0	0	1	0	.
1	1	1	0	1	0	.
1	1	1	1	0	0	.
0	1	.	0	0	0	.
1	1	0	0	0	0	59.72
1	0	1	1	1	0	.
1	0	1	0	1	0	.
1	1	1	1	1	1	.
0	0	0	0	0	1	.
1	1	1	1	0	1	.
1	1	1	1	0	1	.
1	0	0	0	1	0	.
0	0	0	0	0	1	.
1	0	1	0	0	0	85.87
0	0	1	0	0	1	.
1	1	1	1	1	1	.
0	1	1	1	1	1	70.32
0	0	0	0	0	1	.
0	0	0	0	0	1	.
0	0	1	1	0	1	.
1	0	1	0	1	0	89.58
0	1	1	1	0	0	.
1	0	1	0	0	0	.
0	0	0	0	0	1	.
0	0	0	0	0	1	65.52
1	0	0	0	0	0	69.09
1	0	0	0	0	1	79.34
1	1	1	0	0	0	.
0	0	0	0	1	0	.
1	1	1	0	1	1	87.89
1	1	1	1	1	0	.
1	0	0	0	0	1	.
1	1	1	1	1	0	.
1	1	1	0	0	1	.
1	0	0	0	0	0	.
0	0	1	1	1	0	.
1	1	1	1	0	0	87.69
0	1	0	0	1	1	60.42
1	0	0	0	0	1	65.14
1	0	1	0	1	1	.
1	1	1	1	1	0	.
1	0	1	1	1	0	72.2
0	0	0	0	0	1	.
1	0	0	0	0	0	.
0	0	0	1	1	0	.
0	0	0	.	0	1	.
.	0	1	0	0	0	70.98
0	0	0	0	0	0	.
1	1	1	0	1	1	.
0	0	0	0	1	1	.
0	0	0	0	0	0	.
1	1	1	1	1	1	.
1	1	1	1	1	1	.
0	0	0	0	0	0	78.72
0	0	0	0	0	1	.
0	1	1	1	1	0	.
1	1	1	1	0	0	71.93
1	1	1	0	1	0	62.74
1	1	1	1	1	0	36.54
0	0	0	0	0	1	84.67
1	1	1	1	1	0	.
1	0	1	0	1	0	74.92
0	0	0	0	0	1	.
0	0	1	0	1	1	.
0	0	0	0	0	1	.
0	1	1	1	1	1	64.68
0	0	0	0	0	1	.
1	0	0	0	0	0	.
0	1	0	0	0	0	67.88
1	0	0	1	1	0	77.97
1	0	1	1	1	1	93.95
1	0	0	0	0	1	.
1	1	0	1	1	0	.
1	0	1	1	0	0	.
0	0	0	0	0	0	.
0	0	0	0	0	1	.
1	1	1	0	0	1	.
1	1	1	1	1	1	68.58
1	0	0	0	1	0	87.82
1	0	0	1	0	0	69.53
0	1	1	0	0	0	.
0	0	0	1	0	1	.
0	0	0	0	0	0	.
1	1	1	1	0	0	.
0	0	0	0	0	0	.
0	1	0	0	1	0	.
0	1	0	1	0	1	.
1	1	1	1	1	0	70.85
0	0	1	1	1	0	.
0	1	1	0	0	0	.
0	0	0	0	0	1	56.91
0	1	1	0	0	1	43.23
1	0	0	0	0	0	.
1	0	0	0	0	1	.
1	1	1	1	1	0	67.45
0	0	0	0	0	1	65.77
1	0	0	0	0	1	.
1	0	0	1	1	0	.
1	1	1	1	1	0	.
0	1	0	0	0	0	68.39
0	1	1	0	0	0	.
1	0	0	1	0	1	42.21
0	1	1	1	1	0	66.67
1	1	1	1	1	0	.
0	0	0	0	0	1	.
1	1	1	1	1	1	.
1	0	1	0	0	1	73.37
0	0	1	0	0	0	72.18
0	0	1	0	0	0	.
0	0	0	1	0	1	.
1	0	0	0	0	0	.
1	1	1	1	1	0	.
1	1	1	1	1	0	.
1	1	1	0	1	1	.
1	.	1	0	1	1	70.33
0	0	1	1	0	1	.
0	1	1	1	0	0	.
1	1	1	0	0	1	62.93
1	0	1	0	0	0	85.8
0	0	0	0	1	1	78.45
0	0	0	0	0	1	66.37
1	1	0	1	1	0	92.29
1	0	0	0	0	0	79.13
1	1	0	1	1	0	.
0	0	0	0	0	1	.
0	0	0	0	0	1	.
1	1	0	1	1	0	74.03
0	0	0	0	0	1	72
1	1	1	1	1	0	64.39
1	1	1	1	1	0	.
1	0	0	1	1	1	.
1	1	1	1	1	0	89.1
1	1	1	1	1	0	64.57
1	1	1	1	1	0	.
0	0	1	0	1	0	.
0	1	0	0	0	1	75.02
1	1	1	1	1	1	68.67
0	1	0	1	1	1	.
1	0	0	0	0	1	.
1	1	1	1	1	0	.
1	1	1	1	1	0	55.69
1	0	1	0	0	1	63.55
1	1	1	1	1	0	.
1	0	0	0	0	0	.
0	1	1	1	1	1	40.19
1	1	1	0	0	1	.
0	0	0	1	0	1	64.75
0	1	1	1	1	1	.
0	1	0	1	0	0	.
1	0	1	0	0	1	.
0	1	1	1	1	1	.
1	1	0	0	1	0	.
0	0	0	0	0	0	46.58
1	0	0	0	1	0	.
1	1	1	1	1	0	43.26
1	1	1	1	0	0	69.69
0	0	1	0	0	0	.
1	0	0	0	1	0	76.35
1	0	0	0	0	1	.
0	.	0	1	1	1	.
1	0	1	1	1	0	.
1	0	0	1	1	0	40.3
1	0	1	1	1	1	46.38
1	0	1	1	0	1	.
0	0	0	0	1	0	.
1	1	0	1	1	1	68.42
1	0	0	1	1	0	.
1	0	0	0	0	0	.
1	0	0	0	1	0	47.11
1	0	0	0	1	1	67.15
0	0	0	0	1	1	.
0	0	0	0	0	1	.
1	1	1	0	0	1	.
1	0	0	0	0	0	78.49
0	0	1	0	0	1	.
1	1	1	0	0	0	53.85
1	1	1	0	1	0	69.6
0	0	1	0	0	0	.
0	1	0	0	1	1	41.01
.	.	.	0	1	1	57.76
1	0	1	0	0	0	37.18
0	0	1	0	1	1	.
0	0	1	0	0	0	.
1	1	0	1	1	0	79.91
0	0	1	1	0	1	.
0	0	0	0	0	1	.
1	1	1	1	1	0	95.35
0	1	.	0	0	1	65.68
0	0	0	0	0	1	.
1	0	0	0	1	0	.
0	1	1	1	0	1	.
1	0	0	1	0	0	.
1	1	1	1	1	1	.
1	.	0	0	1	0	67.66
0	0	0	0	0	1	.
0	0	0	0	0	1	54.51
1	1	1	1	1	0	73.51
1	1	1	1	1	0	73.1
1	0	0	0	0	0	.
0	0	0	0	0	1	74.7
1	1	1	1	1	0	.
1	0	1	1	1	0	.
0	0	0	0	0	0	.
1	0	1	0	0	0	.
1	0	0	1	0	0	80.12
0	0	0	0	0	0	64.64
1	0	0	0	0	1	72.29
1	1	0	1	1	0	76.36
0	0	0	0	0	1	79.19
1	0	1	1	1	0	45.75
1	1	0	0	1	1	.
0	0	0	0	0	1	86.07
1	1	0	0	0	0	87.66
1	0	0	1	1	1	69.81
0	0	0	0	0	0	46.81
1	1	1	1	1	0	89.21
1	1	0	1	1	1	67.49
1	1	1	0	0	0	66.58
1	1	1	1	1	0	.
0	0	0	0	0	1	35.84
1	1	1	1	1	0	78.54
0	1	0	0	0	0	.
0	0	0	0	0	1	.
1	1	1	1	1	0	84.71
1	1	1	1	1	1	.
1	0	0	0	1	0	54.12
.	.	1	1	1	1	.
1	1	1	1	1	1	81.17
0	1	1	0	0	1	.
0	.	1	0	0	1	64.75
1	0	1	1	0	0	.
1	1	1	1	1	0	.
1	0	0	1	0	1	.
1	1	1	1	0	1	.
0	0	0	0	0	0	.
0	0	0	1	1	0	.
0	1	1	0	0	1	49.28
1	0	0	0	0	1	41.62
0	1	1	1	1	0	41.24
1	0	0	0	0	0	78.77
0	0	1	1	0	0	.
0	0	0	0	0	1	67.73
0	0	0	0	0	1	.
1	0	0	0	1	0	.
0	1	0	1	1	1	.
0	1	1	1	1	0	65.2
1	1	1	1	1	1	.
0	0	0	1	1	0	.
1	1	0	.	1	1	.
0	0	0	0	0	1	.
1	1	1	1	1	1	75.1
1	0	0	0	1	1	.
1	1	0	0	1	0	.
1	0	1	0	0	1	.
0	0	0	0	0	0	.
1	1	1	1	1	1	.
1	1	1	1	1	0	.
1	0	1	0	0	1	82.38
1	0	1	1	0	1	.
0	0	1	0	0	0	69.73
1	0	0	1	1	0	57.51
1	.	.	.	.	0	.
0	0	0	0	0	1	.
1	0	1	1	1	0	70
1	0	1	0	0	1	53.85
1	0	0	0	0	1	63.66
1	1	1	.	1	1	99.3
1	.	0	0	0	1	.
1	1	0	1	1	1	79.43
1	0	0	0	0	1	.
0	0	1	0	0	1	.
1	1	1	0	1	0	.
1	0	1	0	0	1	77.24
0	0	0	0	0	1	62.87
1	0	0	0	0	0	.
1	0	0	0	0	0	63.4
1	1	1	1	1	0	83.07
1	1	1	1	1	1	47.67
1	1	0	0	1	1	.
1	1	1	0	0	0	33.69
1	1	1	0	0	1	71.34
0	0	0	0	1	0	.
1	1	0	0	0	1	.
1	1	1	0	1	0	.
1	0	1	1	1	0	.
1	0	0	0	0	1	44.14
0	0	0	0	0	0	.
1	0	0	0	0	0	.
0	1	0	0	1	0	.
0	0	1	1	1	1	84.56
1	1	1	1	1	0	.
0	1	1	1	1	1	.
0	0	0	0	0	1	.
0	0	0	0	0	1	.
1	1	0	0	1	0	.
1	0	0	0	1	1	73.98
1	0	0	1	1	1	45.29
0	1	1	1	1	0	63.31
1	0	0	0	0	0	76.07
0	1	0	0	1	0	.
1	0	1	1	1	0	54.97
1	0	1	0	0	1	74.96
1	1	1	1	1	0	56.81
0	0	0	0	0	0	.
0	0	1	0	0	0	66.31
0	0	1	0	0	1	.
1	0	0	1	1	0	.
1	1	1	1	1	1	.
1	0	0	0	0	0	.
1	0	0	0	0	1	.
1	1	0	0	1	0	65.13
1	0	0	1	1	0	55.94
1	1	1	0	0	1	.
0	0	0	0	0	1	66.2
0	1	0	0	0	1	.
1	0	1	0	0	0	82.69
0	0	1	0	0	0	.
0	1	0	0	0	0	.
1	0	1	1	1	0	64.85
1	0	1	0	1	1	80.69
1	0	0	0	0	1	77.75
1	1	1	1	1	1	88.45
1	0	0	0	0	1	54.45
1	1	1	0	0	1	.
1	1	1	1	1	1	68.08
1	0	1	0	0	1	.
1	0	0	.	0	1	80.32
0	0	0	0	0	0	71.35
0	0	1	1	0	0	.
0	1	0	0	1	1	.
0	0	1	1	0	0	.
1	1	1	1	1	0	.
1	1	1	1	1	0	.
1	1	1	1	1	0	.
0	0	0	1	1	0	.
1	1	1	1	1	0	69.91
0	0	0	1	0	0	.
1	0	1	0	0	1	.
.	1	0	0	0	1	.
0	0	1	0	0	1	43.04
1	0	1	1	1	0	87.59
1	1	1	1	1	0	41.99
1	1	1	1	1	1	71.4
1	0	0	0	0	0	.
1	0	0	0	0	1	78.08
1	1	1	1	1	0	49.03
0	0	0	1	1	1	41.87
0	0	.	0	0	0	.
0	0	0	1	1	0	.
0	0	0	1	0	1	.
0	.	0	0	0	0	.
1	0	1	.	1	0	68.71
1	1	1	1	1	0	.
1	1	1	1	1	0	.
1	0	1	0	0	0	99.3
1	1	1	0	0	1	.
1	1	1	1	1	0	.
1	1	1	0	1	1	.
0	0	0	0	0	1	.
0	0	0	1	1	1	77.51
0	1	0	0	1	0	.
1	0	.	0	1	0	.
1	0	0	0	1	0	78.21
1	1	1	1	1	0	.
1	0	1	1	1	1	.
0	1	0	1	0	0	.
1	1	1	1	1	1	.
0	0	0	0	1	1	.
1	0	1	0	1	1	.
0	0	0	0	0	1	87.44
1	1	1	1	1	0	.
0	0	0	0	0	0	.
1	0	1	0	1	0	.
0	0	0	0	0	1	.
1	1	1	1	1	1	39.99
0	0	0	0	0	0	62.71
1	0	0	0	0	1	65.1
1	1	1	1	1	0	59.68
1	0	0	0	0	1	.
0	0	0	0	0	1	.
0	1	1	0	0	1	.
1	1	1	1	1	0	.
0	1	1	0	0	1	61.81
0	0	0	0	0	0	72.41
0	1	1	0	1	0	.
0	1	0	0	1	0	.
0	0	1	1	0	0	.
0	0	0	0	0	1	59.07
1	1	0	0	1	1	.
1	1	1	1	1	0	.
1	0	0	1	1	1	92.45
1	1	1	1	1	1	67.1
1	1	1	1	1	0	.
1	0	0	0	0	0	77.66
1	0	0	1	0	0	.
1	.	0	0	0	1	65.3
1	0	0	0	1	1	.
1	0	1	0	0	1	43.29
0	0	0	0	0	0	.
1	0	0	0	0	0	31.09
1	0	1	1	1	0	63.06
0	0	0	0	0	0	87.43
0	0	0	0	1	1	.
0	1	1	1	1	0	.
0	1	1	0	0	0	78.24
0	0	1	0	1	0	.
0	0	0	0	0	0	64.81
1	0	1	1	0	0	.
1	0	0	0	1	1	87.35
1	0	1	0	1	1	.
1	1	1	1	1	1	61.65
1	1	1	1	1	1	.
0	0	0	0	0	1	.
0	0	0	0	0	0	.
1	1	1	1	1	1	.
1	1	0	1	0	0	.
0	.	0	0	0	1	69.19
1	1	1	1	1	0	71.72
.	0	0	0	0	0	.
1	1	0	1	1	1	.
1	1	1	1	1	1	82.25
0	0	0	0	0	0	.
1	0	0	0	0	1	.
0	0	0	0	0	0	.
1	1	1	0	1	0	.
1	0	0	0	0	0	57.4
1	.	.	.	.	0	.
1	1	1	1	1	0	.
0	0	0	0	0	1	.
1	1	.	1	1	0	.
1	0	0	0	0	0	.
1	0	1	0	1	0	.
1	1	1	1	1	0	87.29
1	0	0	1	1	1	.
1	1	1	1	1	0	.
1	1	1	0	1	1	.
1	1	1	1	1	1	92.48
1	1	1	1	1	0	95.29
0	0	0	0	0	0	90.61
1	1	1	1	1	0	.
0	1	1	0	0	0	66.08
0	0	0	0	0	0	48.56
1	1	1	1	1	0	.
1	0	0	0	0	1	.
1	1	1	1	1	1	74.36
1	1	1	0	1	0	.
1	1	1	0	0	1	.
1	1	0	1	1	1	.
1	1	1	0	1	0	92.09
1	1	1	1	1	0	64.44
0	0	0	0	1	1	.
1	0	0	1	0	1	45.26
1	1	0	0	0	1	83.69
0	0	0	0	1	1	81.09
1	0	1	0	1	1	.
1	0	0	0	0	1	78.39
0	0	0	0	0	1	.
1	0	0	0	0	1	.
0	0	0	0	1	0	.
1	0	0	0	0	1	.
0	0	0	0	0	0	.
1	0	0	1	0	1	.
0	1	0	1	1	0	.
1	0	1	0	0	0	.
1	0	1	0	0	0	.
1	1	1	1	1	1	72.9
0	0	1	0	0	0	71.82
1	0	1	1	1	0	78.49
0	1	1	0	0	0	.
1	0	0	1	1	0	.
1	0	0	0	1	1	.
1	1	1	1	0	1	.
0	0	0	0	0	1	.
0	1	1	1	1	0	.
1	0	1	0	1	0	75.91
1	0	0	0	0	1	.
1	0	1	0	0	1	.
1	1	1	1	1	0	.
0	0	0	0	0	0	.
0	0	0	0	0	0	39.43
0	0	1	0	0	0	.
0	1	1	1	0	1	83.14
1	1	1	1	1	1	.
0	0	0	0	0	1	.
0	1	1	1	1	0	.
0	0	1	1	0	1	98.02
0	0	0	0	0	0	.
1	1	1	1	0	0	69.89
0	0	0	0	0	1	.
1	0	1	1	0	1	.
0	0	0	0	0	1	79.07
0	0	0	0	0	1	.
1	0	0	0	1	0	.
0	0	0	0	0	1	.
1	0	1	1	0	0	.
0	0	0	0	0	1	.
1	1	0	0	0	1	.
1	1	1	0	1	0	.
0	0	0	0	0	1	.
0	0	0	0	0	1	.
1	1	0	1	0	0	.
1	0	0	0	0	1	.
1	1	0	1	0	0	57.52
0	0	1	0	0	1	74.83
1	0	0	0	0	0	.
1	0	1	1	1	1	50.44
0	1	1	1	1	1	62.72
1	1	1	1	1	0	.
0	0	1	1	1	0	.
1	0	1	0	0	0	.
1	0	0	0	0	1	.
1	1	0	1	1	0	79.4
0	0	0	0	0	1	.
0	0	0	0	0	1	.
0	0	0	0	0	0	.
1	0	0	0	0	1	74.76
1	1	0	1	1	0	45.78
1	1	1	.	1	0	.
1	1	1	1	1	0	.
1	0	0	0	0	0	.
1	1	1	1	1	1	.
1	1	1	1	0	0	75.69
1	1	0	1	1	1	70.03
1	1	1	1	0	0	65.78
0	1	0	0	1	1	.
1	1	0	1	1	1	.
0	0	0	0	0	1	.
1	0	1	1	1	0	.
0	1	0	0	0	1	80.11
1	1	1	0	1	1	.
1	1	0	1	1	1	.
1	1	1	1	1	0	.
0	0	0	0	0	1	.
1	1	0	1	0	1	68.53
1	1	1	1	1	1	77.42
1	1	1	0	1	0	.
1	0	0	0	1	1	.
1	1	1	1	1	0	.
1	0	0	0	0	1	92.72
1	1	1	1	1	1	.
1	0	0	0	1	0	67.02
1	1	1	1	1	1	65.97
0	1	1	0	1	1	76.45
0	0	0	0	0	1	81.13
0	0	0	0	0	0	39.91
1	1	1	0	0	0	92.95
1	0	0	0	0	1	.
0	0	.	0	0	0	.
1	0	0	1	1	0	.
0	0	0	0	0	1	.
1	0	0	0	1	0	.
0	0	0	0	0	1	.
1	1	1	1	1	1	84.31
1	0	1	0	0	0	.
0	0	0	0	0	1	.
0	1	1	1	1	1	.
1	1	0	0	1	1	64.78
1	0	0	0	1	1	.
1	1	0	1	1	1	.
1	0	0	0	0	1	43.83
1	0	1	1	1	1	.
1	1	1	1	1	0	.
1	0	0	0	0	1	.
0	0	0	0	.	1	62.79
1	0	1	1	1	0	81.7
1	0	0	0	0	0	89.98
0	1	1	1	1	1	78.64
1	1	1	1	1	1	76.49
1	1	1	1	1	1	.
1	1	1	0	0	1	63.72
0	0	0	0	0	1	70.58
0	0	0	0	0	1	32.77
0	1	1	1	1	1	38.9
0	0	0	0	0	1	.
0	0	0	0	0	0	.
1	1	1	1	1	1	.
0	0	0	0	0	1	76.17
0	0	0	0	0	1	.
1	0	0	0	0	0	.
1	0	1	0	1	1	.
0	0	0	0	0	1	78.48
0	0	0	0	0	1	.
1	1	1	0	0	0	.
1	1	0	1	1	0	.
0	0	1	0	0	0	.
0	0	1	1	1	1	.
0	0	0	0	0	0	.
1	0	1	0	1	0	91.48
0	0	0	0	0	1	.
1	0	0	1	0	1	.
.	1	1	.	.	0	.
1	0	1	0	0	1	84.36
0	1	1	1	0	1	83.05
1	1	0	1	1	0	.
1	0	1	0	0	0	.
1	0	0	0	0	0	.
0	0	0	.	0	1	.
1	0	0	1	1	1	.
0	0	0	0	0	0	.
0	1	1	1	0	1	80.4
1	0	1	1	1	0	.
0	0	0	0	0	0	.
0	0	0	0	0	1	.
1	1	1	0	1	0	.
1	1	1	1	1	0	.
1	0	0	0	1	1	.
1	0	0	1	1	0	.
1	0	0	1	0	0	.
1	0	1	1	1	0	.
1	0	0	1	1	0	.
0	0	0	1	0	0	.
1	.	1	0	0	1	.
0	0	0	0	0	1	.
1	0	1	.	1	0	.
1	0	0	0	0	0	.
0	0	0	0	0	1	70.46
1	1	1	1	1	0	91.53
1	1	1	1	1	1	68.08
0	0	0	0	0	0	.
1	1	0	0	0	0	.
0	0	0	0	0	0	52.72
1	1	1	1	1	0	.
1	0	0	0	0	1	.
1	1	1	1	0	1	66.2
1	1	1	1	1	1	.
0	0	1	0	0	1	.
0	0	0	0	0	1	48.89
1	1	1	1	1	1	75.44
0	0	0	0	0	1	.
0	0	0	.	0	1	63.03
1	0	0	0	0	0	.
1	1	1	0	1	0	.
1	1	1	0	1	1	.
1	0	0	0	0	0	82.04
1	0	0	0	0	1	73.49
1	0	0	0	0	1	55.44
1	1	1	1	1	0	.
0	1	0	0	1	0	89.77
1	1	1	1	1	0	75.87
1	1	1	1	1	0	.
0	0	0	1	0	1	.
0	0	0	0	0	0	.
0	0	1	0	1	0	93.09
1	0	0	0	0	1	.
1	0	0	1	0	0	87.9
0	0	0	0	0	1	.
1	0	1	0	0	1	.
1	0	0	0	0	1	.
1	1	0	1	1	1	.
0	1	.	0	0	0	.
1	1	1	1	1	0	.
1	1	1	1	1	0	64.54
1	1	1	0	1	0	51.8
1	1	1	1	1	1	83.05
0	0	1	0	0	0	.
1	0	0	0	0	1	.
1	0	0	0	0	1	55.24
0	.	.	0	0	0	30.44
1	1	1	1	1	0	81.06
1	0	1	1	1	0	.
1	1	1	0	0	1	.
0	0	0	1	0	1	.
1	0	0	0	0	1	.
0	0	1	0	0	1	.
0	0	0	0	1	0	42.32
1	1	1	0	1	0	.
0	1	0	0	0	0	.
1	1	1	0	0	1	.
1	0	0	0	0	0	.
1	0	0	0	0	1	39.15
0	0	0	1	0	1	.
1	1	1	1	1	0	70.34
1	1	1	1	1	1	.
0	0	0	0	0	1	.
0	0	0	0	0	0	.
1	1	1	1	1	0	71.56
1	1	1	1	1	0	97.69
0	0	0	0	1	0	69.72
0	0	1	0	0	1	.
0	1	1	0	1	1	40.74
1	1	1	1	1	0	84.98
0	0	0	0	0	1	40.83
0	1	0	1	0	0	.
1	0	0	0	1	0	.
1	1	1	0	1	0	64.29
1	1	1	1	1	1	79.02
1	1	1	1	1	1	.
0	0	0	0	0	0	.
1	1	0	0	1	0	.
1	1	1	1	1	0	94.53
0	0	0	1	1	0	.
1	1	1	1	0	0	.
1	1	1	1	0	1	65.26
1	0	0	1	1	0	.
1	1	1	1	1	0	85.5
1	1	0	0	0	1	66.25
0	0	1	1	1	1	.
0	1	.	0	0	0	.
1	0	1	1	0	0	86.82
1	0	1	0	0	0	60.29
1	1	1	1	1	0	.
0	0	0	0	1	1	71.4
0	.	1	0	0	0	.
1	1	1	0	1	0	57.52
1	1	1	1	1	1	.
1	0	1	1	0	1	.
1	1	1	1	1	0	.
1	1	0	1	1	0	.
1	0	1	1	1	0	54.56
0	0	0	0	0	0	.
1	0	1	1	0	1	.
1	0	0	0	0	1	44.33
1	1	1	1	1	0	61.12
0	0	0	0	0	1	62.46
0	0	0	0	0	0	.
1	1	1	1	1	1	.
0	1	.	0	1	0	.
0	1	1	0	1	1	.
1	0	1	1	1	0	.
0	1	1	1	1	1	.
1	0	0	0	1	1	.
1	1	1	0	0	1	.
0	0	1	0	0	1	.
0	0	1	0	1	0	.
0	0	0	0	0	0	77.23
0	0	0	0	0	1	.
0	0	0	0	0	1	.
1	0	0	1	1	1	.
1	1	0	0	1	1	.
0	0	1	1	0	1	.
1	0	0	1	0	1	43.64
0	0	1	1	1	1	.
1	0	1	0	0	0	.
1	0	1	0	0	1	82.88
0	0	1	0	1	1	63.05
0	0	1	0	1	1	56.16
1	1	1	1	1	0	.
0	0	1	0	1	0	.
0	0	0	0	0	1	76.28
0	0	0	0	0	0	.
1	1	0	1	0	0	.
0	0	1	0	0	0	64.91
0	0	0	0	0	1	.
0	0	0	0	0	1	64.35
0	0	0	0	0	1	.
0	0	0	0	0	0	.
0	1	1	0	0	0	.
1	1	1	1	0	0	84.78
0	1	0	0	0	1	65
0	0	0	0	0	1	.
1	0	1	0	1	1	.
1	1	1	1	1	1	.
0	1	1	1	1	1	92.39
1	0	1	0	0	0	.
1	1	1	1	1	0	63.82
1	1	1	1	1	0	.
1	1	1	1	1	0	.
1	0	1	0	1	0	.
0	1	1	0	0	0	80.86
0	0	0	0	0	0	.
1	1	1	1	1	0	85.52
0	1	1	0	0	1	87.33
1	0	0	0	0	1	.
1	.	.	1	1	0	.
0	0	0	0	0	1	.
0	1	1	1	1	0	.
0	0	0	0	0	0	.
0	0	0	1	1	1	59.9
0	0	0	0	0	0	53.24
1	0	1	0	0	1	.
0	0	0	0	0	1	.
0	0	0	0	1	0	.
0	0	0	0	0	1	.
1	1	1	1	1	0	94.29
0	1	1	0	0	0	.
1	1	1	1	1	1	50.27
0	0	0	0	0	0	62.25
0	0	0	0	0	1	40.94
1	0	0	0	0	1	34.8
1	1	1	1	1	0	99.3
0	0	0	0	0	1	.
1	1	1	1	1	1	71.8
1	0	0	0	0	1	.
1	0	0	0	0	1	45.13
0	0	0	0	0	1	79.17
0	1	1	0	0	0	51.56
1	1	1	1	1	0	.
1	0	1	0	0	0	.
1	1	1	0	1	0	91.44
1	1	1	0	1	1	62.19
1	0	1	1	1	0	.
0	0	0	0	0	0	68.39
1	0	1	1	1	1	74.92
0	0	0	0	0	1	.
1	1	1	0	0	1	51.01
1	1	1	1	1	0	97.67
1	0	1	0	1	0	.
0	.	0	0	0	0	.
1	0	1	0	0	0	.
0	0	0	0	0	0	.
0	0	0	0	0	0	.
1	0	0	0	0	1	.
1	0	0	1	1	1	.
1	1	0	0	0	1	64.98
0	0	0	0	0	1	61.86
1	1	1	1	1	0	.
1	1	1	1	1	1	.
1	0	0	0	0	0	59.76
1	1	1	1	0	0	.
1	1	1	1	0	1	81.86
1	1	1	1	1	1	50.3
1	1	1	1	1	1	91.12
1	0	1	0	1	1	67.51
0	0	0	1	0	1	.
1	0	0	0	0	0	55.69
1	1	1	0	1	0	.
1	1	1	1	1	1	.
0	1	0	0	0	0	40.81
0	0	0	0	0	1	.
1	0	1	1	1	1	.
0	0	1	.	0	1	63.26
1	1	0	0	0	0	.
0	0	1	0	0	1	.
1	1	1	1	1	1	.
1	1	1	1	1	0	.
1	0	1	0	0	1	.
1	0	1	0	1	1	81.68
0	1	1	1	1	1	.
0	0	.	0	0	1	51.17
0	0	0	0	0	1	.
0	0	1	1	1	0	97.56
1	0	1	0	0	0	.
1	0	.	0	0	1	.
0	1	1	1	1	1	46.9
1	0	0	0	0	1	.
0	0	0	0	0	1	.
1	0	0	0	0	0	57.61
1	0	0	0	0	1	.
1	0	0	0	0	0	.
0	0	0	0	0	0	.
1	1	1	1	1	0	.
0	1	0	0	0	0	69.76
1	1	.	1	1	1	.
1	0	0	0	0	0	72.08
1	1	1	1	1	1	.
1	0	0	0	1	1	50.46
0	0	0	0	0	1	.
0	0	0	0	0	1	.
1	0	.	1	1	1	36.44
1	1	1	1	1	0	.
1	1	1	1	1	0	81.94
0	0	0	0	0	1	.
0	0	0	0	0	1	.
1	0	1	1	1	1	.
0	0	0	0	0	0	.
1	.	1	1	1	0	.
0	0	0	0	0	1	.
1	1	0	0	0	0	.
1	1	1	0	1	0	.
1	1	1	0	0	1	.
1	1	1	1	1	0	.
1	1	1	1	1	0	49.89
0	0	0	1	0	0	80.76
0	0	0	0	0	1	.
1	0	0	1	0	1	33.32
1	1	1	1	1	1	66.03
1	.	.	.	.	1	.
0	0	0	1	0	1	.
1	0	0	1	1	1	64.43
1	0	0	0	0	0	.
0	1	1	1	1	0	.
0	0	1	0	0	1	.
1	1	1	1	1	1	.
0	0	1	0	0	0	.
1	0	1	0	0	0	.
1	1	1	1	1	1	80.12
1	1	1	1	0	0	81.6
0	1	1	0	1	0	94.27
0	0	0	1	0	0	35.81
1	0	1	1	0	1	.
0	1	1	0	0	1	73.55
1	0	.	0	0	0	82.37
1	1	.	1	1	0	80.7
0	0	1	0	1	0	39.55
0	1	1	1	1	1	.
1	1	1	1	1	1	.
0	0	0	1	0	0	.
1	0	0	0	0	0	48.1
1	1	1	1	1	1	72.39
1	1	1	.	1	0	62.78
1	0	0	0	0	1	.
1	1	1	1	1	1	89.69
1	1	0	1	1	0	69.85
1	1	1	1	1	1	92.12
1	1	1	1	1	0	70.27
0	0	1	0	1	0	.
0	0	0	1	1	0	53.31
1	1	0	1	1	1	.
.	1	0	1	1	1	.
0	0	1	0	1	1	.
.	.	0	0	0	0	.
1	0	0	1	0	1	.
0	0	1	1	1	0	82.93
1	1	1	1	1	1	.
0	.	0	0	1	0	.
1	1	1	1	1	1	68.7
1	0	0	0	0	1	88.35
1	0	0	1	1	0	75.18
1	1	1	1	1	0	.
1	0	1	1	1	1	70.94
0	1	1	1	1	0	.
0	0	0	0	0	1	.
0	1	1	0	0	1	39.9
0	0	0	1	0	1	.
1	1	1	1	1	1	.
0	0	0	0	1	1	.
0	0	0	0	1	0	.
1	1	1	1	1	0	.
1	0	1	0	0	0	59.4
0	1	0	0	0	0	.
1	1	1	1	1	1	.
1	0	1	1	1	0	.
0	0	0	0	1	1	65.9
1	0	1	0	0	0	.
1	1	1	0	0	0	.
1	0	1	0	0	1	67.73
0	0	1	1	1	1	.
1	1	1	0	1	1	.
1	1	1	1	1	1	.
1	1	0	1	1	0	.
1	1	1	1	1	1	.
1	1	1	0	1	0	69.46
1	0	0	1	1	0	.
1	0	1	1	1	0	.
1	1	1	1	1	0	.
1	0	0	0	0	1	.
1	1	0	0	0	0	.
1	1	1	1	1	1	.
0	.	.	.	.	1	74.57
0	0	0	0	0	1	68.6
1	0	1	0	0	1	78.44
1	0	0	0	0	0	.
0	0	1	0	0	1	.
0	0	0	0	0	1	43.4
0	0	0	0	0	1	.
1	1	1	0	1	1	.
0	0	0	0	0	1	.
0	1	0	0	1	1	.
1	0	0	0	0	1	.
0	0	.	0	0	1	.
1	0	1	0	1	1	.
0	0	0	0	1	0	.
1	1	0	0	0	0	64.7
1	1	.	0	.	0	55.58
0	0	0	0	0	1	79.98
0	0	0	0	0	0	.
1	0	0	1	1	1	78.72
1	0	1	1	1	0	46.32
0	0	0	1	1	0	.
0	0	0	1	0	1	93.3
1	0	0	0	0	1	.
0	0	0	0	0	1	.
0	0	1	0	1	1	.
1	0	0	0	0	1	89.92
1	1	1	0	1	0	69.71
1	0	0	1	1	0	37.38
1	0	1	1	1	0	64.6
0	0	1	0	0	1	57.35
1	0	0	0	0	0	83.03
1	1	0	1	1	0	.
1	1	1	1	1	1	58.65
1	1	1	1	1	0	.
1	0	1	0	0	0	.
1	0	1	0	1	0	55.59
0	0	0	0	0	1	.
0	0	0	0	0	1	56.29
1	1	1	1	1	0	.
1	1	1	0	1	1	.
1	0	0	1	1	0	.
1	0	0	0	1	0	.
0	0	0	0	1	1	.
0	0	0	0	0	1	.
1	0	0	1	1	1	60.9
0	0	1	0	0	1	79.09
0	0	0	1	1	1	.
1	0	1	1	1	0	.
1	1	1	1	1	1	80.33
1	1	0	1	0	1	.
1	0	0	0	0	1	.
0	0	1	0	0	0	72.6
1	0	0	0	0	0	69.9
0	0	1	0	1	0	.
0	0	0	0	0	1	.
0	0	0	0	0	0	.
0	0	0	0	0	0	.
1	0	1	0	0	0	82.8
0	0	0	0	0	1	.
1	1	1	0	0	0	89
1	0	1	1	0	0	.
1	1	1	1	1	1	32.07
1	0	1	0	0	1	.
1	0	0	0	0	1	.
1	1	1	1	1	0	88.35
1	1	1	0	0	0	.
0	0	0	0	0	0	.
0	0	0	0	0	1	90.01
0	0	0	0	0	1	69.66
0	1	0	1	0	1	.
0	0	0	0	0	1	.
1	1	1	1	1	0	.
1	1	1	0	1	1	.
1	0	1	0	1	1	78.65
0	0	0	0	0	0	.
1	1	1	1	1	0	.
0	0	0	0	0	0	47.39
0	0	1	0	0	1	.
1	0	0	1	0	0	.
1	0	1	0	1	0	.
0	0	1	0	1	1	.
1	1	1	1	0	0	.
1	1	1	1	1	0	.
0	1	0	1	0	1	.
1	0	0	0	1	0	.
1	1	0	1	1	1	.
1	1	1	1	1	0	.
1	0	1	0	0	1	84.71
0	1	0	1	0	0	62.14
0	.	.	.	0	1	.
1	0	0	0	1	1	66.61
1	0	0	0	0	0	83.76
1	0	0	1	1	1	.
1	1	0	0	1	1	.
1	1	1	1	0	1	62.13
1	0	1	0	0	1	.
1	0	1	.	0	0	.
1	0	0	0	0	1	.
0	0	0	0	0	1	.
1	1	1	1	1	1	.
1	1	1	1	1	1	72.37
0	0	0	0	0	1	63.41
1	0	1	0	0	0	.
0	0	0	0	0	0	.
0	0	1	0	0	0	.
1	0	0	0	0	0	.
1	1	1	1	1	0	89.76
0	0	0	0	0	0	.
1	1	1	1	1	1	.
1	0	0	0	0	1	.
1	0	0	0	1	1	74.9
1	0	0	0	0	1	45.16
0	0	0	0	0	0	.
1	1	1	0	1	0	57.15
1	1	0	0	0	1	66.69
1	1	1	1	1	0	.
1	0	0	0	1	0	.
1	0	0	1	0	1	63.9
0	0	1	0	0	0	.
0	.	1	0	0	1	74.71
0	0	1	1	1	0	.
1	1	1	1	1	1	88
1	0	1	0	1	0	.
1	1	1	1	0	1	77.1
1	1	0	0	0	1	47.73
0	1	1	1	0	0	.
0	0	0	1	0	1	.
1	1	1	1	1	0	.
1	0	1	0	0	1	62.25
1	0	0	0	0	0	.
1	1	0	1	1	0	85.06
1	1	1	1	1	1	91.8
0	0	0	0	0	0	.
1	0	0	0	0	0	92.37
1	1	1	1	1	1	.
1	0	0	0	0	0	.
0	0	0	0	0	1	.
1	1	1	1	1	1	.
0	0	0	0	0	0	.
1	1	1	0	0	0	66.98
0	0	0	0	0	0	.
1	1	1	0	1	0	88.29
0	0	0	0	0	1	.
0	0	0	0	0	1	.
1	1	1	1	1	1	87.92
1	0	0	1	0	1	94.55
1	1	1	1	1	0	83.21
1	0	1	0	0	0	55.53
1	1	1	1	1	0	.
1	0	1	1	1	1	.
1	1	1	1	1	1	66.07
0	0	1	0	1	1	38.63
0	0	0	0	0	1	.
1	0	0	0	1	1	75.85
1	0	0	0	1	0	.
1	0	0	1	0	1	72.94
1	1	1	1	1	0	.
1	1	1	1	1	1	.
1	0	0	1	1	1	73.01
0	1	1	1	1	0	90.01
1	0	0	0	0	1	84.54
0	1	1	1	0	0	67.17
1	.	1	1	1	0	91.22
0	0	1	0	0	0	57.52
0	0	0	0	0	0	71.8
1	1	0	1	1	0	.
0	0	0	0	0	1	.
1	1	1	1	1	1	.
1	0	0	0	0	1	.
1	0	0	0	0	1	57.94
1	0	0	0	0	0	90.15
1	0	0	0	0	1	.
0	0	0	0	0	1	65.09
0	0	0	0	0	1	.
0	0	0	.	1	0	.
1	0	0	0	0	1	.
1	0	0	0	1	0	.
1	0	1	0	1	1	.
0	0	1	0	0	0	75.23
1	1	1	0	0	0	72.05
0	0	0	0	0	1	64.48
0	0	0	0	0	1	80.77
1	1	0	1	1	1	84.61
0	0	0	0	1	0	.
0	0	1	1	1	0	.
1	0	0	1	1	0	.
1	1	.	1	1	0	69.27
1	1	1	1	1	1	79.59
0	0	0	0	1	1	.
0	0	0	0	0	1	68.26
1	1	1	1	1	1	.
0	0	0	0	0	1	.
0	0	0	0	1	0	.
0	0	0	0	0	0	47.81
1	1	0	0	0	1	56.86
0	1	0	0	1	0	.
0	0	1	0	1	0	.
0	0	0	0	0	0	53.44
0	0	0	0	0	1	.
1	1	1	1	1	0	39.22
0	0	0	1	1	0	71.49
1	0	0	0	0	0	.
0	0	0	0	0	1	77.66
1	0	1	0	0	0	74.92
1	1	1	1	1	0	.
1	1	1	0	0	0	.
0	0	0	0	0	1	75.13
0	0	0	0	0	0	39.89
1	0	0	0	0	0	.
0	0	0	0	0	1	63.13
0	1	0	0	0	1	.
0	0	0	0	0	0	.
1	0	0	0	0	0	66.21
1	0	1	1	1	0	.
1	0	0	1	1	0	73.16
1	.	1	.	0	1	.
1	0	0	1	1	1	65.01
1	1	1	1	1	1	48.5
1	1	1	1	1	0	.
0	0	0	0	0	1	.
0	1	0	1	1	0	.
1	1	1	0	1	1	.
1	0	0	0	0	1	73.24
0	0	0	0	0	1	.
1	0	0	0	0	0	.
1	1	1	1	1	0	.
1	1	0	1	1	1	.
0	1	1	0	0	0	70.67
1	1	0	.	1	0	.
0	0	0	0	0	0	.
1	1	1	0	1	0	.
0	0	0	.	1	0	.
1	0	1	0	1	1	70.99
1	1	1	0	0	0	.
0	1	1	1	1	1	.
1	1	1	1	1	1	78.62
1	0	0	0	0	0	.
1	1	1	0	1	0	.
0	0	0	0	0	0	.
0	0	0	0	0	1	.
0	0	1	1	1	0	.
1	1	0	0	1	1	.
0	1	0	1	0	0	.
0	1	0	0	1	0	.
0	0	1	0	1	0	.
1	1	1	1	1	1	.
1	0	0	0	1	1	.
1	0	0	0	1	0	.
1	0	0	0	0	1	84.06
1	1	0	1	1	0	.
1	1	1	0	0	0	55.39
1	1	0	1	0	1	65.36
1	0	0	0	0	0	.
0	0	1	1	0	0	53.86
0	0	0	0	0	0	.
1	.	1	1	1	1	.
1	1	1	0	1	0	.
1	1	1	0	1	1	69.78
0	0	0	0	0	1	68.39
0	0	0	0	0	1	84.56
1	0	0	1	0	1	.
0	0	0	0	0	0	.
1	1	1	0	0	1	.
0	1	1	0	0	1	.
1	0	0	1	1	0	92.14
0	0	0	0	0	0	.
1	1	1	1	1	1	62.26
1	1	1	1	1	0	84.24
0	1	1	1	1	0	.
1	0	0	0	0	1	80.5
0	0	0	0	0	1	65.75
0	0	1	1	0	1	74.3
1	1	1	0	0	0	.
1	0	0	0	0	0	67.82
1	0	0	0	0	0	76.26
1	1	1	0	0	1	.
1	0	1	0	0	1	.
1	0	1	0	0	0	75.52
1	1	1	0	1	0	78.95
1	1	1	1	1	0	62.08
1	1	1	1	1	0	64.46
0	1	0	1	1	1	.
1	0	1	0	0	1	54.5
1	0	0	0	1	0	.
1	0	0	0	0	0	.
0	0	0	0	0	1	.
0	0	0	0	0	1	.
1	0	1	1	0	1	66.21
0	1	1	1	1	1	66.27
1	0	0	0	0	0	.
1	0	0	0	1	1	81.94
1	0	1	0	0	1	.
1	0	0	0	0	1	.
1	1	.	.	0	0	34.61
1	0	0	0	1	1	.
0	0	1	0	0	1	61.17
0	0	0	0	1	0	.
1	0	1	0	1	0	.
1	1	1	1	1	1	.
0	0	0	0	0	0	77.81
0	0	0	0	0	1	78.99
0	0	0	0	0	1	57.17
1	1	1	1	0	1	.
0	0	1	1	1	0	63.07
0	0	1	0	0	1	.
0	0	0	1	0	1	.
0	0	0	1	1	0	.
1	1	1	0	1	0	.
1	0	0	0	0	1	56.83
1	0	1	0	1	0	86.5
1	0	0	0	1	1	94.55
1	1	1	0	0	0	.
1	1	1	1	1	1	31.6
1	1	1	1	1	0	.
1	0	0	0	0	0	.
1	1	0	0	0	0	.
0	1	1	1	1	1	71.53
1	1	1	1	1	0	.
1	1	1	1	1	0	.
1	1	1	1	1	0	67.49
1	1	1	1	1	0	67.04
0	1	1	1	1	1	.
0	0	0	0	0	1	38.25
0	0	0	0	0	0	80.74
1	1	1	1	1	0	.
1	1	0	0	0	0	.
1	1	0	1	1	0	.
0	0	0	1	0	1	.
1	1	1	1	1	0	.
1	1	1	1	1	0	89.7
0	0	1	0	0	1	75.87
0	1	1	1	0	1	45.36
0	0	1	0	0	0	94.37
1	1	1	1	1	0	.
0	0	0	0	0	0	.
1	0	1	0	0	0	.
.	1	1	1	1	0	77.98
1	1	1	1	1	0	.
1	1	1	1	0	0	70.18
1	1	1	0	1	0	86.47
0	0	0	0	0	0	.
0	1	1	1	0	0	36.6
1	1	1	1	1	0	84
0	0	0	0	0	1	85.1
1	1	1	1	1	1	.
1	0	0	1	1	0	68.47
0	0	0	0	0	0	.
1	0	0	0	0	0	76.26
1	1	1	1	1	1	.
0	0	0	0	0	0	.
0	0	1	0	1	1	63.48
1	0	1	0	0	0	57.48
1	0	0	0	0	1	.
0	1	0	1	1	0	.
0	0	0	1	0	1	.
0	0	0	0	0	0	47.43
1	0	0	0	0	0	72.31
1	0	1	0	0	1	.
1	1	1	0	1	0	.
1	.	0	1	1	0	.
0	0	0	0	0	1	59.02
1	1	1	1	1	0	.
1	0	0	0	0	1	.
0	0	0	0	0	1	.
1	1	1	1	1	1	89.02
1	1	1	1	1	0	75.05
1	1	1	1	1	1	.
1	0	0	0	0	1	.
1	1	0	1	1	1	74.42
1	1	1	1	1	0	81.63
1	0	0	0	0	1	68.86
0	0	0	0	0	1	83.9
0	1	1	1	0	1	67.87
1	0	0	0	0	1	77.84
1	0	1	0	0	1	65.58
0	1	1	1	1	1	53.01
0	1	1	1	1	0	.
0	0	0	0	0	1	.
0	0	0	0	0	1	.
1	1	1	0	0	0	70.37
0	0	1	0	0	0	.
0	0	0	0	1	0	.
0	0	0	0	0	0	.
1	1	1	0	1	0	.
1	1	1	1	1	1	.
1	0	1	0	0	1	.
1	1	1	1	1	0	.
1	1	.	1	1	1	69.87
1	0	1	0	1	1	.
1	1	1	0	0	1	.
1	1	1	1	1	0	.
1	0	0	1	0	1	41.4
0	0	0	0	0	1	80.92
0	0	1	0	0	0	.
1	1	1	1	1	0	.
0	0	0	0	0	0	73.85
0	1	1	1	0	1	.
1	1	1	0	1	1	76.65
1	1	1	1	1	0	.
1	0	0	0	0	0	.
1	1	1	1	1	0	74.55
0	0	0	1	1	1	79.38
0	0	0	0	0	0	.
1	0	0	0	1	1	71.3
1	1	0	1	1	0	.
0	.	0	1	0	0	.
0	0	0	0	0	0	92.34
1	1	1	1	1	0	.
1	0	0	0	0	1	67.32
1	0	0	0	1	0	.
1	1	1	1	1	0	70.2
1	0	0	1	1	1	.
1	0	0	0	0	1	.
1	0	.	.	0	1	61.47
1	1	1	1	1	0	74.67
1	.	1	.	1	0	77.97
1	1	1	1	0	0	.
1	0	0	0	0	0	.
0	1	1	1	1	1	.
0	0	0	0	0	0	51.87
1	1	1	0	1	0	83.89
0	0	0	0	0	0	.
0	1	1	1	1	1	.
0	0	0	0	0	1	.
0	0	1	0	1	0	.
1	1	1	1	1	0	.
1	1	0	0	0	0	.
1	1	1	0	1	1	.
0	0	1	1	1	0	77.42
0	0	0	0	0	1	.
0	1	1	0	0	0	.
1	1	1	1	1	1	.
0	1	0	0	0	0	59.86
1	1	1	1	1	0	.
1	0	0	0	1	1	63.4
0	0	0	0	0	0	.
1	1	1	1	1	1	90.56
0	1	1	1	1	0	79.64
1	0	1	0	1	0	.
1	1	1	0	0	0	.
1	1	1	1	1	0	91.86
1	1	1	0	0	1	.
0	1	1	0	0	1	.
1	1	0	1	1	1	.
1	1	1	0	1	1	.
0	0	.	0	0	1	.
1	0	1	1	1	0	.
1	1	1	1	1	1	66.28
1	1	1	1	1	1	43.89
0	0	0	0	1	0	.
1	1	0	0	1	1	.
1	0	1	1	1	1	.
1	1	1	1	1	1	.
0	1	1	1	1	0	.
1	0	1	1	1	0	.
1	1	1	1	1	0	.
0	0	0	0	0	1	.
1	0	0	0	1	1	.
1	0	1	0	0	0	77.7
0	1	1	1	1	0	84.32
0	0	0	0	0	1	75.09
0	0	0	0	0	0	.
1	1	1	1	1	0	.
0	1	1	1	1	0	.
1	1	1	1	1	0	.
0	0	0	0	0	1	.
0	0	0	0	0	1	.
0	0	0	1	0	0	50.62
0	0	0	0	0	1	.
1	0	0	0	1	0	68.11
1	0	1	0	1	1	.
0	0	1	1	0	1	91.82
1	0	0	0	0	0	69.31
1	0	1	0	1	0	64.15
1	0	0	0	0	1	.
1	1	1	1	1	0	77.88
0	0	0	0	1	0	73.76
1	1	1	1	1	0	.
1	1	1	1	1	0	.
1	0	1	0	0	0	.
1	0	0	0	1	0	.
0	0	1	0	0	1	.
1	1	1	0	1	1	.
1	1	1	1	1	1	.
1	0	0	0	0	1	.
1	1	0	0	1	0	.
1	1	1	1	1	0	80.66
1	0	1	1	1	0	.
1	0	0	0	0	1	58.07
1	0	0	.	.	0	.
0	0	0	0	1	0	.
1	1	1	1	1	0	.
0	1	1	1	1	1	.
0	0	1	1	1	0	.
1	0	0	0	0	0	.
0	0	0	0	0	1	.
1	1	1	1	1	1	88.72
1	0	0	0	1	1	60.67
1	1	1	1	1	0	94.56
1	0	0	0	0	1	.
1	0	1	1	0	0	.
1	1	1	0	0	0	.
1	0	0	1	1	1	.
1	0	0	0	0	0	.
1	1	1	0	0	1	.
0	0	0	0	0	1	.
1	0	1	1	0	0	.
0	0	0	.	0	0	.
1	1	1	1	1	1	.
0	0	1	0	0	0	69.21
1	0	1	1	1	0	82.13
0	0	0	0	0	0	90.74
0	0	0	0	0	0	.
1	0	1	1	0	0	.
0	1	0	0	0	0	.
1	1	1	1	1	1	.
1	0	1	0	0	1	.
1	0	1	0	0	1	72.88
0	0	1	1	0	1	.
1	0	0	0	0	1	.
1	1	0	0	0	1	.
0	0	0	0	0	0	.
0	0	0	0	0	0	.
1	1	1	1	1	0	.
1	0	1	0	0	0	.
0	.	0	0	0	1	.
1	0	0	0	0	1	.
1	1	1	1	1	1	.
1	0	0	0	1	1	.
1	0	1	0	0	0	.
0	0	1	1	0	0	.
1	0	0	1	1	0	42.47
1	1	1	1	1	0	37.41
1	0	0	1	0	0	.
1	0	1	0	0	0	92.08
1	0	1	0	0	1	70.84
1	1	1	1	1	0	.
1	1	1	0	0	0	.
0	1	1	0	0	0	.
0	0	0	0	0	1	.
0	0	0	0	0	0	.
0	0	0	0	0	1	.
1	0	0	0	0	1	86.09
1	0	0	1	1	0	.
1	1	1	1	1	0	43.42
0	0	1	0	0	1	73.34
1	1	1	1	1	0	.
0	0	1	1	1	0	.
0	0	0	0	0	1	74.1
0	1	1	1	1	1	.
0	0	0	0	0	1	.
1	0	0	0	1	0	93.02
0	1	1	1	0	0	.
1	1	1	0	1	0	.
0	0	0	0	0	1	.
1	0	0	0	1	1	.
1	0	1	1	1	0	.
1	1	1	1	1	0	.
1	1	1	1	1	1	.
1	1	1	1	1	1	.
1	0	0	1	1	1	.
1	1	1	1	1	0	83.14
1	1	1	1	1	0	.
1	1	1	1	1	1	74.94
1	1	0	0	0	0	.
1	0	0	1	0	0	42.07
1	0	0	0	0	0	.
1	0	1	1	1	0	.
1	1	1	1	1	0	34.38
0	0	0	0	0	0	78.12
0	0	0	0	0	1	.
0	0	1	0	0	1	83.78
1	0	0	0	0	1	.
0	0	1	1	1	0	67.78
0	.	.	.	.	1	.
1	1	1	1	1	0	.
1	1	1	0	0	0	.
1	0	1	0	1	1	.
0	0	1	0	1	0	.
1	1	1	1	1	0	.
1	0	0	0	0	1	.
0	0	0	0	0	1	68.56
0	0	0	0	0	0	.
1	0	0	0	0	1	.
1	1	1	1	1	0	.
1	1	0	1	1	1	.
0	0	0	0	0	1	66.42
1	1	1	1	0	0	.
1	0	1	1	0	0	.
0	0	0	0	0	1	69.06
0	0	0	0	1	1	.
1	0	1	1	1	0	.
0	.	0	0	0	0	.
0	0	0	0	0	1	79.17
1	1	1	1	1	0	.
1	0	0	0	1	1	68.88
1	0	1	0	1	1	.
0	0	0	0	0	0	.
1	0	0	0	0	0	.
1	0	0	0	0	1	85.2
1	0	0	0	0	1	65.1
1	1	1	1	1	0	.
1	1	1	1	1	1	.
1	0	0	0	0	0	.
1	1	0	0	1	1	.
0	0	1	0	1	0	.
1	1	1	1	1	0	.
0	1	0	1	0	0	.
1	1	1	1	1	1	.
1	0	0	0	0	1	.
1	0	0	0	1	0	72.22
0	0	0	0	0	1	.
1	0	0	0	0	1	.
1	1	1	1	1	0	.
1	1	1	1	1	1	56.9
1	0	0	0	0	1	.
0	0	0	1	0	0	.
1	.	.	0	0	0	69.87
1	1	1	1	1	0	.
1	1	1	1	1	0	94
1	1	1	1	1	1	.
1	1	1	1	1	0	.
0	1	1	1	1	0	59.88
1	0	1	1	0	0	.
0	0	0	0	1	0	35.9
0	0	0	0	0	1	.
1	0	0	0	0	1	.
1	0	1	0	1	0	.
1	0	0	0	0	1	.
1	1	1	1	1	1	77.52
0	0	0	0	0	0	.
1	1	1	1	1	0	.
1	0	0	0	0	1	69.94
0	0	0	0	0	0	.
0	0	0	1	1	0	.
1	0	0	0	0	1	.
1	1	1	1	1	0	.
0	1	1	.	0	1	.
1	0	1	1	1	1	65
0	0	0	0	1	1	.
1	.	0	1	1	1	.
1	1	1	1	1	0	86.56
1	1	1	1	1	0	.
1	0	0	0	0	1	.
1	0	0	0	0	0	55.06
0	0	0	1	0	0	.
0	0	1	0	0	0	.
0	0	0	0	0	0	.
1	0	0	0	1	1	.
1	1	1	1	1	0	52.13
0	1	0	0	1	0	.
1	1	1	1	1	0	96.02
0	1	1	0	0	0	.
0	0	1	0	1	0	.
0	0	0	0	0	0	.
1	1	0	1	1	0	61.16
0	0	0	0	0	1	79.27
1	1	1	1	1	0	.
0	1	1	0	1	1	.
0	0	1	0	0	0	.
1	1	0	1	1	0	.
1	1	1	1	1	1	.
1	1	0	1	0	1	.
1	0	0	0	1	0	.
0	1	1	0	0	0	.
0	0	1	1	1	0	.
1	1	1	1	0	1	.
0	1	0	0	0	0	.
1	1	1	1	1	1	.
0	0	0	0	0	1	.
1	0	0	0	0	0	.
1	1	1	1	1	0	.
1	1	1	1	1	0	73.92
1	0	1	1	1	0	57.66
0	0	0	0	0	1	48.73
1	1	0	1	1	0	72.31
0	0	0	0	0	0	.
0	0	1	1	1	0	.
0	.	.	.	.	1	77.65
1	.	1	1	0	0	.
0	0	0	0	0	1	.
0	0	0	0	0	1	.
1	1	0	0	0	0	.
0	0	0	0	0	0	89.66
1	0	0	1	1	1	.
0	1	1	1	1	0	.
0	0	1	0	0	1	35.71
0	1	1	0	0	1	.
1	1	1	0	0	1	.
1	0	1	0	0	0	.
0	1	1	1	1	0	.
0	0	0	0	0	0	77.73
1	0	0	0	0	1	.
1	1	1	1	1	0	31.03
.	0	0	0	0	0	.
1	1	1	0	1	1	.
1	0	0	0	0	1	57.68
1	1	1	1	1	1	.
1	1	1	1	1	1	.
1	1	1	1	1	0	89.93
1	.	1	1	1	1	.
1	1	0	1	1	1	.
1	0	0	0	0	0	.
0	0	0	0	0	1	55.44
0	1	1	1	1	1	.
1	0	1	0	1	0	62.3
0	0	0	0	1	1	.
0	0	1	0	0	0	47.22
1	0	0	0	0	1	.
1	0	0	0	0	0	65.03
1	.	1	1	1	0	91.04
1	1	1	1	1	0	.
1	1	1	0	1	1	46.28
1	1	1	1	1	0	70.36
1	0	1	0	0	1	.
0	0	1	0	1	1	.
1	0	1	0	0	1	.
1	1	0	0	1	1	.
1	0	1	1	1	1	.
1	0	0	1	1	0	.
0	0	0	0	0	0	.
1	1	1	1	1	0	.
1	1	1	1	1	0	.
1	1	0	0	1	1	68.4
0	0	0	1	0	1	56.26
1	1	1	1	1	0	58.63
1	1	1	1	0	1	.
0	0	0	0	0	0	77.46
0	0	0	0	0	1	77.59
1	.	.	1	0	1	65.32
1	0	1	0	0	1	66.01
1	1	1	1	1	0	.
0	1	1	0	0	1	.
1	0	0	0	0	0	69.37
1	1	1	1	1	0	.
1	0	1	1	1	1	.
1	0	0	1	1	0	.
1	1	0	0	1	0	32.3
0	0	1	0	0	1	68.34
1	1	1	1	1	0	46.13
0	0	0	0	0	0	.
1	0	0	0	0	1	86.99
0	0	0	1	0	0	.
0	0	1	0	0	1	.
0	1	1	0	0	1	60.53
1	1	1	1	0	1	.
1	1	1	1	1	0	.
0	0	0	0	0	1	.
1	0	0	1	0	0	.
0	0	0	0	0	0	.
0	0	1	0	0	0	.
1	0	1	0	1	1	99.3
1	0	0	1	0	0	.
0	0	0	0	0	1	.
1	0	0	1	1	1	87.53
0	0	.	0	0	1	.
0	0	0	0	0	0	.
0	1	0	0	0	1	.
1	1	1	0	0	0	60.11
0	0	0	0	1	0	65.42
0	1	1	0	0	0	63.61
1	0	0	1	0	0	.
1	0	0	0	0	1	66.03
1	0	0	0	0	1	.
1	0	0	0	0	1	73.48
1	0	0	0	0	1	75.61
1	1	1	1	1	0	.
1	1	1	1	1	0	.
0	1	1	1	0	0	.
1	0	0	0	0	0	.
0	1	1	1	1	0	.
1	0	0	0	0	0	.
0	0	0	0	0	1	.
1	1	0	0	1	1	80.02
0	0	0	0	0	1	72.35
0	0	0	0	0	0	.
1	1	1	1	1	0	.
0	0	0	0	0	1	.
1	1	0	0	0	0	63.31
1	1	1	1	1	1	81.54
0	0	0	1	0	1	66.74
1	1	1	1	1	0	.
1	1	1	1	1	1	.
1	0	1	0	0	0	.
0	0	0	0	0	0	.
1	.	0	1	0	1	88.1
1	1	1	0	1	0	72.24
1	0	1	0	1	1	90.64
1	1	.	0	1	1	56.1
0	0	0	1	0	1	78.24
1	0	1	0	0	0	70.57
1	1	1	1	1	0	84.38
1	1	0	0	1	0	.
1	1	0	0	0	1	.
0	0	1	1	1	1	.
1	0	1	0	0	1	.
0	0	1	0	0	1	.
0	1	1	1	1	1	46.59
0	0	0	0	0	0	.
0	.	0	0	0	1	.
0	1	1	1	1	1	.
0	0	0	0	0	1	.
1	0	0	0	0	0	.
0	0	0	0	0	1	.
1	1	1	1	1	1	.
1	0	1	0	0	1	.
0	0	1	0	1	0	.
0	0	0	1	0	1	.
1	1	1	1	1	0	.
1	1	1	1	.	0	29.65
0	0	1	0	1	0	.
1	1	1	1	1	0	61.57
1	0	0	0	0	0	.
1	1	1	1	0	0	75.26
0	1	1	1	1	0	.
1	1	1	1	0	0	53.03
1	0	1	0	0	0	.
1	1	1	1	1	0	.
1	0	0	0	0	0	80.27
1	1	1	1	1	0	66.16
1	1	0	1	1	0	43.35
0	1	1	1	0	1	.
1	0	1	0	1	0	95.17
1	0	0	0	0	1	68.94
1	0	0	0	0	1	77.37
1	1	0	1	0	0	73.15
1	1	1	1	1	0	.
1	1	1	0	0	1	.
1	1	1	0	0	0	.
1	1	0	0	0	1	.
1	0	0	0	1	0	64.61
0	0	1	0	0	0	88.62
0	0	0	0	0	1	67.31
0	0	0	0	0	1	59.19
0	0	0	0	0	1	.
1	0	0	1	1	1	44.67
1	1	1	1	0	1	.
1	1	1	1	1	0	.
1	1	1	1	1	1	62
0	0	0	0	0	0	.
1	0	1	0	0	0	.
0	.	1	0	0	1	63.23
1	1	0	0	1	1	.
1	1	1	1	1	0	.
1	0	0	0	0	1	73.46
0	0	0	0	0	0	.
1	0	0	0	0	1	.
0	0	0	0	0	1	.
1	0	0	0	0	0	80.03
1	0	1	1	1	0	.
1	1	1	0	1	0	.
1	0	0	0	0	0	62.78
1	1	1	1	1	0	.
1	1	1	1	1	0	.
1	1	1	1	1	1	.
0	1	1	0	0	0	.
1	1	1	1	1	0	.
1	1	1	0	0	0	.
0	0	0	0	0	1	.
1	1	0	0	1	0	.
1	1	1	0	1	0	.
1	0	1	0	0	1	.
1	1	0	1	1	1	.
1	.	0	1	.	1	36.85
1	0	0	0	0	0	65.46
1	0	0	0	0	1	.
0	0	1	0	0	0	81.12
1	0	0	0	1	1	83.77
1	1	1	1	1	1	80.82
0	1	1	0	1	1	.
1	1	1	1	1	0	60.07
0	0	0	0	0	1	.
0	0	0	0	0	0	43.23
1	1	1	1	1	0	93.64
0	0	0	0	0	0	69.13
1	1	1	1	1	0	64.11
0	0	0	0	0	0	.
1	1	1	1	1	0	.
1	1	1	1	1	1	.
1	0	0	0	0	1	.
0	0	0	0	0	0	.
0	0	0	0	0	1	.
0	1	0	0	0	0	.
1	1	1	1	1	0	.
1	0	1	1	1	0	59.2
1	1	1	0	1	1	77.39
0	0	0	0	0	0	.
0	1	1	1	1	0	.
1	0	1	0	0	1	.
0	0	0	0	0	1	65
1	0	0	0	0	0	47.85
0	1	1	0	0	0	61.49
0	0	0	0	0	1	.
0	0	0	0	0	1	.
1	1	1	1	1	0	.
1	0	1	1	1	1	.
0	0	0	0	0	0	.
0	.	.	0	1	1	.
1	1	1	1	1	0	77.37
0	0	0	0	0	1	84.24
0	0	0	0	0	0	.
1	1	1	1	1	0	.
1	1	1	1	1	1	.
1	1	1	0	0	1	81
1	1	1	1	1	1	68.19
1	1	1	1	0	0	94.53
0	0	0	0	0	0	.
1	1	1	1	1	1	80.45
1	1	1	0	1	1	.
1	1	1	1	1	0	63.01
