1	3	1.9099999666214	1	34.167121887207	1	2	2	5	5	4.83333349227905	1.72727274894714	2	0	1	1	4
1	3.67000007629395	1.36000001430511	0	26.1013698577881	6	1	1	3	2	3.83333325386047	2	2	0	1	0	3
1	4	2.08999991416931	1	35.0219192504883	6	1	2	3	3	4.5	2.18181824684143	1	0	1	1	4
0	2.32999992370605	1.45000004768372	0	27.4876708984375	2	2	1	4	3	3.66666674613953	1.54545450210571	1	0	2	0	3
1	1.33000004291534	1.73000001907349	1	31.6109580993652	3	3	2	2	3	2.5	2.36363625526428	1	1	1	0	2
1	3	1.54999995231628	0	40.4383544921875	2	2	1	2	5	4	1.18181812763214	1	1	1	1	3
0	3.32999992370605	2.45000004768372	1	51.0657539367676	4	2	1	5	5	4.33333349227905	1.45454549789429	1	0	2	1	3
0	4	2.73000001907349	1	49.1479454040527	1	2	1	3	2	4.33333349227905	3	1	0	2	1	3
0	1.33000004291534	1.26999998092651	1	30.6191787719727	1	1	2	5	2	3.66666674613953	1.63636362552643	1	0	2	0	3
1	3	1.63999998569489	0	33.3452072143555	5	3	2	2	3	3.33333325386047	1.63636362552643	1	0	1	0	2
1	2.32999992370605	2.45000004768372	0	44.1041107177734	2	2	1	4	5	4.66666650772095	2	2	1	1	1	4
1	4.67000007629395	2.8199999332428	1	35.3315086364746	2	2	2	3	3	4.16666650772095	2.40000009536743	1	0	1	1	3
1	2.67000007629395	1.9099999666214	1	25.9589042663574	6	1	1	3	1	2	1.72727274894714	2	0	1	0	1
1	3	1.45000004768372	0	27.668493270874	1	1	2	4	3	3.66666674613953	1.63636362552643	1	1	1	0	3
1	4.67000007629395	2.45000004768372	1	26.2986297607422	2	1	1	3	2	4.33333349227905	2.63636374473572	1	0	1	1	3
1	1.66999995708466	1.26999998092651	0	29.5917816162109	5	1	2	4	2	4	1.72727274894714	1	0	1	1	3
1	3.67000007629395	2.73000001907349	1	42.04931640625	3	1	1	2	2	4.33333349227905	1.90909087657928	1	1	1	1	3
1	3	2.08999991416931	1	39.6767120361328	7	4	1	3	1	4.33333349227905	1.45454549789429	2	0	1	1	3
0	2	1.73000001907349	1	18.2739734649658	4	1	2	2	3	4.83333349227905	3.18181824684143	1	0	2	1	4
0	3	1.82000005245209	1	23.3178081512451	3	1	2	3	1	2.5	1.72727274894714	2	0	2	0	2
1	2.67000007629395	2.79999995231628	1	45.4328765869141	1	3	2	4	2	5	1.54545450210571	1	1	1	1	4
0	4.32999992370605	2.35999989509583	0	39.6109580993652	3	1	1	3	2	4.16666650772095	1.90909087657928	1	0	2	1	3
1	3.67000007629395	1.73000001907349	0	36.241096496582	5	4	1	3	3	2.83333325386047	1.36363637447357	1	1	1	0	2
1	1.33000004291534	1.54999995231628	1	42.3123283386231	3	4	2	4	3	4	3.45454549789429	1	1	1	1	3
1	3.32999992370605	1.82000005245209	0	50.687671661377	2	2	1	4	5	3.83333325386047	2	2	1	1	0	3
1	5	1.17999994754791	1	46.9260292053223	3	4	2	3	1	5	1.18181812763214	1	1	1	1	4
1	3	1.36000001430511	0	43.312328338623	5	1	1	3	1	3.16666674613953	1.90909087657928	1	1	1	0	2
1	2	2.70000004768372	1	47.0739707946777	2	5	1	5	4	3.16666674613953	1.81818187236786	1	1	1	0	2
0	2.67000007629395	2.45000004768372	1	55.9972610473633	3	2	1	1	2	3.83333325386047	2.81818175315857	1	0	2	0	3
1	3	1.17999994754791	0	37.6438369750977	2	2	1	3	5	4	1.36363637447357	1	0	1	1	3
0	3.32999992370605	1.73000001907349	1	39.7479438781738	4	1	1	2	2	4	1.27272725105286	1	0	2	1	3
0	2.67000007629395	1.83000004291534	0	51.265754699707	1	4	1	3	3	3.66666674613953	1.45454549789429	1	0	2	0	3
1	4	2.54999995231628	0	34.8876724243164	5	1	1	3	3	5	1.45454549789429	2	0	1	1	4
1	1.33000004291534	1	1	64.2246551513672	2	2	1	2	1	4.5	1	1	0	1	1	4
1	3.32999992370605	2.1800000667572	0	48.4438362121582	1	2	1	5	5	5	1.27272725105286	2	1	1	1	4
0	4.32999992370605	2.91000008583069	0	25.2027397155762	6	1	1	2	1	4.83333349227905	2.90909099578857	1	0	2	1	4
1	4.67000007629395	2.73000001907349	0	35.5671234130859	7	4	1	2	3	4.5	2.09090900421143	2	1	1	1	4
0	1.66999995708466	1	1	36.830135345459	3	2	1	3	5	3.83333325386047	1.36363637447357	1	0	2	0	3
0	4.67000007629395	2.64000010490418	1	27.0602741241455	3	1	1	3	5	3.5	3.45454549789429	1	0	2	0	3
1	2	1.82000005245209	1	41.2273979187012	2	2	1	3	5	3.79999995231628	2.72727274894714	1	1	1	0	3
0	2.67000007629395	1.36000001430511	1	42.6547927856445	3	2	1	3	5	4.5	1.27272725105286	1	0	2	1	4
0	2	1.36000001430511	1	42.5369873046875	6	4	1	2	2	4.16666650772095	1	2	0	2	1	3
1	3.32999992370605	2.8199999332428	0	37.9945220947266	7	1	1	3	1	4.5	1.72727274894714	1	1	1	1	4
0	4.67000007629395	1.54999995231628	1	54.7041091918945	3	5	1	2	1	4	3.63636374473572	1	0	2	1	3
0	4	1.54999995231628	1	44.5150680541992	3	2	2	3	1	4	1.36363637447357	1	0	2	1	3
0	5	2.1800000667572	1	40.9397277832031	3	3	1	3	1	4.83333349227905	1.45454549789429	2	0	2	1	4
0	2.67000007629395	2.1800000667572	1	34.1178092956543	3	2	1	4	5	2.83333325386047	3	1	0	2	0	2
0	2.32999992370605	1.73000001907349	0	20.0191783905029	6	1	1	2	2	2.5	3	2	0	2	0	2
1	3	2	1	42.2739715576172	3	2	1	2	3	3.33333325386047	1.54545450210571	2	0	1	0	2
1	3	1.63999998569489	0	36.9863014221191	2	1	1	4	2	4	1.27272725105286	2	1	1	1	3
1	3.67000007629395	1	0	57.2849311828613	4	2	1	2	5	4.16666650772095	1	1	1	1	1	3
1	3.67000007629395	2.45000004768372	0	39.879451751709	2	3	1	3	5	5	2.18181824684143	2	1	1	1	4
1	2.67000007629395	2	0	23.4794521331787	2	1	1	2	2	5	1.27272725105286	2	1	1	1	4
1	3	2.1800000667572	1	50.9561653137207	4	3	1	1	1	3.66666674613953	3	1	1	1	0	3
0	3.67000007629395	2.08999991416931	0	43.120548248291	5	1	1	3	3	3.16666674613953	1.54545450210571	1	0	2	0	2
0	2.67000007629395	1.36000001430511	0	37.7506866455078	2	4	1	2	4	3.83333325386047	2.27272725105286	1	0	2	0	3
1	3.32999992370605	1.36000001430511	0	43.046573638916	7	1	2	2	5	3.33333325386047	1	2	1	1	0	2
1	2	1.54999995231628	0	39.3917808532715	6	2	1	2	1	3.33333325386047	2.36363625526428	2	0	1	0	2
1	2	2.73000001907349	0	32.167121887207	6	4	1	2	1	3.16666674613953	1.18181812763214	1	1	1	0	2
0	3.32999992370605	1.9099999666214	1	25.356164932251	5	2	2	3	1	3.66666674613953	1.09090912342072	1	0	2	0	3
1	2	2	1	53.1095886230469	1	2	1	5	5	4.66666650772095	1.63636362552643	1	1	1	1	4
0	3	2.08999991416931	0	41.7616424560547	1	2	1	5	5	3.5	1.45454549789429	1	0	2	0	3
1	2.32999992370605	1.73000001907349	0	37.2767105102539	7	2	1	4	5	2.83333325386047	1.63636362552643	1	1	1	0	2
1	3.32999992370605	1.26999998092651	1	44.7671241760254	3	2	2	3	2	4	1.18181812763214	2	1	1	1	3
1	5	2.09999990463257	1	24.9780826568604	6	1	2	3	1	2.66666674613953	2.45454549789429	1	0	1	0	2
0	4.67000007629395	2	0	33.6958885192871	5	4	1	3	1	4.16666650772095	1.27272725105286	2	0	2	1	3
0	2	1.36000001430511	1	52.1479454040527	3	2	1	2	3	3.66666674613953	2.18181824684143	1	0	2	0	3
1	2.67000007629395	1.9099999666214	1	40.9698638916016	5	1	1	2	1	5	2.63636374473572	2	0	1	1	4
1	2.32999992370605	1.0900000333786	0	32.2438354492188	4	1	1	4	2	5	1.27272725105286	1	1	1	1	4
1	1	2	1	29.2794513702393	1	1	2	5	3	2.5	1.81818187236786	1	1	1	0	2
1	3	2.26999998092651	1	33.4164390563965	1	1	1	5	2	4.33333349227905	1.63636362552643	1	1	1	1	3
0	4	3	0	37.6520538330078	7	2	2	2	2	4	2.90909099578857	1	0	2	1	3
1	2.32999992370605	1.45000004768372	1	20.6493148803711	3	1	2	2	1	5	2.18181824684143	1	0	1	1	4
1	2.32999992370605	1.54999995231628	1	39.095890045166	7	4	2	4	2	5	1	1	0	1	1	4
1	3	1.79999995231628	1	45.6465759277344	2	4	1	4	2	4.5	1.27272725105286	1	1	1	1	4
0	2	1.73000001907349	0	21.668493270874	7	1	1	3	2	3	2.09090900421143	1	0	2	0	2
1	3.67000007629395	2.54999995231628	1	31.6027393341065	1	1	1	4	3	4.33333349227905	2.09090900421143	1	1	1	1	3
1	3.32999992370605	1.73000001907349	0	39.4273986816406	5	2	1	2	3	4.66666650772095	3.27272725105286	1	1	1	1	4
1	3.32999992370605	2.1800000667572	1	47.2684936523438	3	4	1	2	2	4.66666650772095	1	1	1	1	1	4
1	2.67000007629395	1.9099999666214	0	34.0191764831543	2	4	1	5	3	4	1.27272725105286	1	0	1	1	3
1	3.67000007629395	1.54999995231628	0	37.9150695800781	1	4	1	2	3	5	1	1	1	1	1	4
1	4	1.36000001430511	0	35.5369873046875	6	2	1	2	3	3	2.18181824684143	1	1	1	0	2
1	1.66999995708466	1.9099999666214	1	25.0931510925293	1	1	1	5	4	5	1.81818187236786	2	1	1	1	4
1	4.67000007629395	2.20000004768372	1	57.7698631286621	3	4	1	3	2	5	1.29999995231628	1	1	1	1	4
1	4.32999992370605	1.45000004768372	1	42.8356170654297	3	2	2	2	5	4.66666650772095	1.45454549789429	1	1	1	1	4
1	2.67000007629395	1.36000001430511	0	34.1643829345703	3	2	2	3	2	3.5	2.45454549789429	1	0	1	0	3
0	2	1.17999994754791	0	35.8767127990723	1	2	1	4	5	4.33333349227905	1.45454549789429	2	0	2	1	3
0	1.66999995708466	1.0900000333786	1	46.9835624694824	1	1	2	3	1	5	1	1	0	2	1	4
0	3.32999992370605	2.64000010490418	0	34.6356163024902	5	1	1	2	2	3.66666674613953	1.54545450210571	1	0	2	0	3
0	3	1.26999998092651	0	63.4520530700684	1	2	1	4	5	3.83333325386047	1.27272725105286	1	0	2	0	3
1	1.33000004291534	2	1	46.3287658691406	3	2	1	2	4	4.83333349227905	1	1	1	1	1	4
1	2.32999992370605	1.82000005245209	1	44.9205474853516	2	2	1	3	5	5	1.27272725105286	1	0	1	1	4
0	3.32999992370605	2	1	41.7041091918945	4	2	1	3	4	4.66666650772095	1.45454549789429	1	0	2	1	4
1	2	2.73000001907349	1	21.6958904266357	2	2	1	3	2	4	1.63636362552643	1	0	1	1	3
1	2.32999992370605	1.26999998092651	1	37.9452056884766	3	1	1	3	3	4	1.36363637447357	1	1	1	1	3
0	1.33000004291534	1.17999994754791	1	34.7616424560547	6	2	1	1	5	4.16666650772095	1.36363637447357	1	0	2	1	3
0	3.32999992370605	1.39999997615814	0	33.9698638916016	4	2	1	3	3	4.5	1.63636362552643	1	0	2	1	4
1	2	1.0900000333786	1	28.5890407562256	7	1	2	2	1	3.16666674613953	1.18181812763214	1	0	1	0	2
1	2.32999992370605	1.73000001907349	1	36.6273956298828	3	1	1	3	2	3.83333325386047	1.45454549789429	2	1	1	0	3
1	3	1.36000001430511	0	33.5534248352051	6	2	1	1	3	3.5	1.63636362552643	2	0	1	0	3
1	2.67000007629395	1	1	58.0383567810059	1	2	1	3	3	3.5	1	1	1	1	0	3
1	4	2	1	31.6739730834961	2	4	1	3	1	4	2.18181824684143	2	1	1	1	3
0	2.32999992370605	1.0900000333786	1	49.8054809570313	2	4	1	2	3	3.33333325386047	1.54545450210571	1	0	2	0	2
1	2	1.26999998092651	1	59.4465751647949	2	2	1	2	5	4.33333349227905	1.09090912342072	1	1	1	1	3
0	5	1.26999998092651	0	53.7945213317871	4	3	1	4	4	5	1.36363637447357	1	0	2	1	4
1	2.32999992370605	1.82000005245209	0	44.6438369750977	5	2	1	2	3	4.83333349227905	1.54545450210571	1	1	1	1	4
1	3	2.45000004768372	1	27.9287662506104	2	1	1	3	3	5	1.63636362552643	1	0	1	1	4
0	2.67000007629395	2.77999997138977	0	26.2821922302246	3	1	1	2	3	3.16666674613953	1.54545450210571	1	0	2	0	2
1	2.32999992370605	1.26999998092651	0	31.4821910858154	7	1	1	2	2	4	1	1	1	1	1	3
1	1.66999995708466	1.0900000333786	1	20.4027404785156	3	1	2	3	5	4.5	1.18181812763214	2	0	1	1	4
1	2	1.9099999666214	0	22.4739723205566	6	1	1	1	3	4	1	2	0	1	1	3
1	2	2.08999991416931	0	21.8109588623047	7	1	1	3	1	4.16666650772095	1	2	0	1	1	3
0	4.67000007629395	2.54999995231628	1	31.9068489074707	3	3	2	2	1	3.5	1.90909087657928	1	0	2	0	3
1	4.32999992370605	1.36000001430511	0	26.1808223724365	5	1	1	1	2	4.16666650772095	1.27272725105286	2	1	1	1	3
1	2.32999992370605	1.45000004768372	1	23.6986293792725	3	1	1	3	1	4.16666650772095	2.18181824684143	1	1	1	1	3
1	2.67000007629395	1	0	56.854793548584	2	2	1	4	4	5	1	1	1	1	1	4
1	3	2.35999989509583	1	27.2876720428467	3	1	1	2	1	3.5	1.45454549789429	1	1	1	0	3
1	4.67000007629395	2	1	27.5808219909668	7	2	1	2	1	4.16666650772095	2.72727274894714	1	0	1	1	3
0	3	1.54999995231628	0	64.3808212280274	1	2	1	3	3	4.16666650772095	1.90909087657928	1	0	2	1	3
1	4.32999992370605	2.64000010490418	1	25.6767120361328	4	1	1	2	2	3.66666674613953	1.45454549789429	2	0	1	0	3
1	3.32999992370605	3	1	20.0630130767822	3	1	1	1	1	1.83333337306976	2.54545450210571	1	0	1	0	1
1	4	1.63999998569489	0	43.120548248291	2	1	1	5	3	3	2.09090900421143	2	1	1	0	2
1	1.66999995708466	1.0900000333786	0	29.8273963928223	5	2	1	3	2	5	1	2	1	1	1	4
0	1.33000004291534	1.36000001430511	0	67.5041122436524	5	2	1	2	3	4.33333349227905	1.72727274894714	1	0	2	1	3
1	4.32999992370605	1.73000001907349	1	37.7917823791504	1	4	1	3	2	4	1.27272725105286	1	1	1	1	3
1	2.32999992370605	1.0900000333786	0	27.0383567810059	1	1	1	3	2	3.83333325386047	1.90909087657928	2	1	1	0	3
1	4.32999992370605	2.08999991416931	0	48.4137001037598	7	3	2	2	1	3.66666674613953	1.27272725105286	1	0	1	0	3
1	3.32999992370605	1.9099999666214	0	31.1178073883057	2	2	1	2	3	3.83333325386047	1.72727274894714	2	1	1	0	3
1	3	1.36000001430511	0	45.4410972595215	5	4	1	3	1	3.83333325386047	1.09090912342072	1	0	1	0	3
1	3.67000007629395	2.08999991416931	1	30.3945198059082	2	1	1	5	4	4.66666650772095	1.36363637447357	2	1	1	1	4
0	3.67000007629395	1.54999995231628	0	50.0630149841309	5	2	1	2	3	4.33333349227905	1.09090912342072	1	0	2	1	3
0	3.67000007629395	2.90000009536743	0	28.8301372528076	5	2	1	2	3	3.16666674613953	3	1	0	2	0	2
1	4.67000007629395	2.8199999332428	1	35.0027389526367	1	4	1	4	3	4.66666650772095	1.72727274894714	2	1	1	1	4
1	4.32999992370605	2.54999995231628	1	38.7561645507813	3	1	1	3	1	4	3.09090900421143	1	1	1	1	3
0	4	1.54999995231628	0	40.0136985778809	1	2	1	2	3	4.66666650772095	1.90909087657928	2	0	2	1	4
0	4.67000007629395	1.20000004768372	1	25.1287670135498	3	3	2	3	1	4.33333349227905	1.45454549789429	1	0	2	1	3
0	2.67000007629395	1.26999998092651	0	52.3726043701172	7	4	1	2	1	4.66666650772095	1	2	0	2	1	4
1	4	2.73000001907349	1	34.8657531738281	1	2	1	3	4	4.66666650772095	1.81818187236786	2	1	1	1	4
1	2	1.54999995231628	0	28.0876712799072	2	1	1	3	2	3.33333325386047	2	1	0	1	0	2
1	3.67000007629395	2.54999995231628	0	44.4931488037109	6	4	2	1	3	3.33333325386047	3.45454549789429	1	1	1	0	2
1	2.32999992370605	2.26999998092651	1	59.3342475891113	3	2	1	2	1	3.5	1.60000002384186	1	1	1	0	3
1	1.33000004291534	2.59999990463257	1	51.0328750610352	2	2	1	2	5	3.16666674613953	2.18181824684143	1	1	1	0	2
0	3	2.45000004768372	1	34.2191772460938	2	4	1	4	2	5	1.27272725105286	2	0	2	1	4
1	3.32999992370605	1.63999998569489	1	60.3753433227539	3	4	1	4	2	4	1.5	2	0	1	1	3
1	3	1	0	46.0164375305176	5	2	1	2	3	3	1.36363637447357	1	0	1	0	2
1	1	1	1	58.7506866455078	3	4	1	3	5	4.66666650772095	1	1	0	1	1	4
0	3.67000007629395	2.26999998092651	1	23.7068500518799	1	2	1	4	4	4.66666650772095	1.18181812763214	2	0	2	1	4
1	3.32999992370605	1.9099999666214	1	44.2054786682129	6	4	2	2	1	4	1.54545450210571	1	1	1	1	3
1	4.32999992370605	2.45000004768372	1	32.7780838012695	3	1	1	3	1	4.5	3.90909099578857	1	0	1	1	4
1	3.67000007629395	2.45000004768372	1	56.3835601806641	7	4	2	2	1	3	1.27272725105286	1	1	1	0	2
1	5	2.54999995231628	1	51.5671234130859	3	2	2	3	2	3.16666674613953	2.54545450210571	1	0	1	0	2
0	2.32999992370605	2.1800000667572	1	43.8027381896973	3	2	1	2	4	4.5	2.72727274894714	1	0	2	1	4
0	1.66999995708466	1.26999998092651	1	45.4164390563965	3	2	2	2	2	3.33333325386047	1	1	0	2	0	2
1	1.33000004291534	2.64000010490418	1	35.9726028442383	2	2	1	5	5	5	1.09090912342072	1	1	1	1	4
0	3.67000007629395	1.26999998092651	0	36.2821922302246	5	2	1	3	4	3.83333325386047	2.5	2	0	2	0	3
1	3.32999992370605	1.54999995231628	0	23.2273979187012	6	1	1	3	1	5	1.18181812763214	2	0	1	1	4
0	2	1.63999998569489	0	58.4767112731934	2	2	1	3	5	4.5	1.54545450210571	1	0	2	1	4
1	2	1	1	42.1342468261719	3	2	1	2	5	4	1.09090912342072	1	0	1	1	3
1	1	1.36000001430511	1	44.3205490112305	1	2	1	5	5	4.16666650772095	1.09090912342072	1	1	1	1	3
1	2.67000007629395	1	1	23.9178085327148	3	1	1	3	2	3.5	1.27272725105286	1	1	1	0	3
1	3	2.1800000667572	1	43.6054801940918	3	2	1	2	4	4	1.90909087657928	1	1	1	1	3
1	3	1.63999998569489	1	28.3534240722656	3	2	1	2	3	4.16666650772095	1.45454549789429	2	0	1	1	3
1	2.32999992370605	2.26999998092651	1	28.5917816162109	2	1	1	4	4	4.33333349227905	1.54545450210571	2	1	1	1	3
1	4.32999992370605	2.8199999332428	0	29.739725112915	2	1	1	5	2	4.16666650772095	2.36363625526428	1	1	1	1	3
1	2.32999992370605	1.45000004768372	0	29.9424648284912	7	1	1	2	1	3.33333325386047	2	1	0	1	0	2
1	3.32999992370605	1.26999998092651	0	39.4602737426758	1	2	1	5	5	3.5	2.18181824684143	1	0	1	0	3
1	2.32999992370605	1.0900000333786	0	54.0821914672852	1	2	1	2	5	3.66666674613953	1	1	1	1	0	3
1	3	2.26999998092651	0	44.712329864502	1	2	1	5	5	3.83333325386047	2.36363625526428	1	1	1	0	3
1	3.32999992370605	2.35999989509583	0	31.0575351715088	5	2	1	3	2	3.66666674613953	2.27272725105286	2	0	1	0	3
1	2.67000007629395	1.63999998569489	0	35.4712333679199	6	2	1	2	2	4.33333349227905	1.18181812763214	1	1	1	1	3
0	2.67000007629395	1.17999994754791	0	45.5178070068359	2	2	1	3	1	3.5	1.81818187236786	1	0	2	0	3
1	4	2	1	53.1479454040527	1	1	1	4	3	5	1.90909087657928	2	1	1	1	4
1	4.32999992370605	2.26999998092651	1	28.6109580993652	2	2	1	5	2	4.5	4.45454549789429	2	0	1	1	4
1	2.67000007629395	2.26999998092651	1	31.8109588623047	3	2	1	2	5	3.66666674613953	1.54545450210571	2	1	1	0	3
0	2.32999992370605	1.63999998569489	1	41.638355255127	3	2	1	2	3	4.5	1.63636362552643	1	0	2	1	4
1	1.33000004291534	1.45000004768372	0	49.2000007629395	4	2	1	4	4	4.33333349227905	1.45454549789429	1	1	1	1	3
0	1.33000004291534	1.82000005245209	0	20.4246578216553	7	1	1	2	3	4	1.36363637447357	2	0	2	1	3
1	2.32999992370605	1.36000001430511	0	40.2739715576172	6	4	1	3	1	5	1.18181812763214	2	0	1	1	4
1	3	1.26999998092651	0	27.0109596252441	1	2	1	5	5	5	1.45454549789429	1	0	1	1	4
1	3.67000007629395	2.54999995231628	0	40.4082183837891	6	2	2	3	4	3.83333325386047	2.09090900421143	1	0	1	0	3
1	3	2.64000010490418	1	33.4465751647949	3	2	2	3	5	4.66666650772095	1	1	1	1	1	4
0	2.67000007629395	2.64000010490418	0	26.7452049255371	1	1	1	4	2	3.83333325386047	2.54545450210571	2	0	2	0	3
1	3	2.08999991416931	0	33.2767105102539	7	1	1	4	2	3.83333325386047	1.36363637447357	2	1	1	0	3
0	4	2.35999989509583	0	24.9479446411133	2	1	1	3	2	4.83333349227905	1.63636362552643	1	0	2	1	4
1	4.32999992370605	1.36000001430511	1	39.4164390563965	7	4	1	3	1	5	1.09090912342072	2	0	1	1	4
0	3	1.36000001430511	0	36.8465766906738	5	3	1	3	2	4.16666650772095	1.18181812763214	2	0	2	1	3
1	2.67000007629395	2.08999991416931	1	36.0054779052734	1	4	1	4	2	3.16666674613953	1.63636362552643	1	1	1	0	2
1	4.67000007629395	1.9099999666214	0	26.7917804718018	1	2	1	4	2	4.33333349227905	2.63636374473572	1	1	1	1	3
0	2.67000007629395	1.26999998092651	0	56.1095886230469	1	2	2	5	5	3.66666674613953	1.36363637447357	1	0	2	0	3
1	3	1.29999995231628	1	35.975341796875	1	2	2	4	2	4.5	1	2	0	1	1	4
1	3.67000007629395	2	0	37.5506858825684	5	2	1	3	2	4.33333349227905	1.27272725105286	1	1	1	1	3
0	3.32999992370605	1.5	0	30.5013694763184	1	4	1	3	2	3.66666674613953	1	2	0	2	0	3
1	1.66999995708466	1.82000005245209	1	30.3150691986084	3	1	1	4	5	4.66666650772095	1.18181812763214	1	1	1	1	4
1	1	1.36000001430511	1	26.0383567810059	5	2	2	4	4	4.16666650772095	1.27272725105286	2	1	1	1	3
1	1.33000004291534	1	1	56.6082191467285	3	4	1	2	4	4.83333349227905	1	1	1	1	1	4
0	3	2.79999995231628	1	43.8109588623047	6	2	1	3	5	3.83333325386047	2.59999990463257	1	0	2	0	3
1	2	1.36000001430511	1	49.8684921264649	3	4	1	4	4	4.66666650772095	1.36363637447357	1	1	1	1	4
0	3.32999992370605	1.54999995231628	0	25.5780830383301	2	1	2	3	2	5	1.45454549789429	1	0	2	1	4
1	4	1.63999998569489	0	27.8027400970459	6	1	2	3	1	3.83333325386047	2.36363625526428	1	0	1	0	3
0	3.32999992370605	1.36000001430511	0	40.2986297607422	1	2	1	3	3	4.5	1.09090912342072	1	0	2	1	4
1	4	2	0	47.7999992370606	2	4	1	5	3	4.33333349227905	1.81818187236786	2	0	1	1	3
0	2.67000007629395	2.35999989509583	1	45.1232872009277	2	2	1	3	5	5	1.72727274894714	2	0	2	1	4
1	2.67000007629395	2.73000001907349	1	39.1013717651367	1	4	1	4	4	4	1.54545450210571	2	1	1	1	3
1	2	1.17999994754791	1	45.830135345459	7	4	1	2	1	4.33333349227905	2	1	0	1	1	3
0	5	2.64000010490418	1	35.4575347900391	2	4	1	2	3	4	1.63636362552643	1	0	2	1	3
1	2.67000007629395	1.9099999666214	0	57.6767120361328	5	2	1	1	3	4.16666650772095	1.09090912342072	2	1	1	1	3
1	1.33000004291534	1	1	34.3780822753906	3	3	1	2	5	5	1.09090912342072	2	0	1	1	4
1	2	1.0900000333786	1	48.7863006591797	3	2	1	2	5	4.33333349227905	1.09090912342072	1	1	1	1	3
0	3.32999992370605	2.59999990463257	1	27.739725112915	1	2	1	5	4	4	1.72727274894714	2	0	2	1	3
0	1.66999995708466	1	1	24.7506847381592	3	1	1	4	1	4.5	1.27272725105286	1	0	2	1	4
1	3	2.54999995231628	0	52.5506858825684	1	2	1	5	4	3	3.18181824684143	1	1	1	0	2
1	2.32999992370605	1.36000001430511	1	46.5260276794434	3	2	1	2	5	4.83333349227905	2.09090900421143	2	1	1	1	4
1	2.32999992370605	1.17999994754791	0	27.6136989593506	2	2	1	3	2	3.33333325386047	1.45454549789429	1	1	1	0	2
0	2	1	1	43.5397262573242	3	2	1	2	5	2.5	2.72727274894714	1	0	2	0	2
0	3	2.8199999332428	1	39.8383560180664	1	2	1	5	5	5	1.36363637447357	2	0	2	1	4
0	3.32999992370605	1.73000001907349	0	38.2630119323731	1	1	1	5	3	5	1.81818187236786	1	0	2	1	4
0	1.66999995708466	2.45000004768372	1	42.2712326049805	3	2	1	3	5	4.16666650772095	2.36363625526428	1	0	2	1	3
1	2.67000007629395	1.36000001430511	0	39.4054794311523	2	1	1	5	2	5	2	1	1	1	1	4
1	3.67000007629395	1.9099999666214	0	27.7753429412842	5	3	1	3	1	4.66666650772095	1.09090912342072	2	1	1	1	4
0	1.66999995708466	2.73000001907349	1	52.9616432189942	2	2	1	2	5	3.83333325386047	2.45454549789429	1	0	2	0	3
1	2.32999992370605	1.0900000333786	0	25.8575344085693	5	2	1	2	4	4.5	1.18181812763214	1	0	1	1	4
0	2.67000007629395	2.45000004768372	1	53.5452041625977	3	5	1	2	2	4	1.36363637447357	2	0	2	1	3
0	3	1.36000001430511	0	45.9561653137207	5	4	1	2	4	3.83333325386047	1.63636362552643	1	0	2	0	3
0	1.66999995708466	1.17999994754791	0	31.5972595214844	2	2	1	3	4	3.66666674613953	1	2	0	2	0	3
0	2.67000007629395	1.17999994754791	0	27.0849323272705	1	2	1	4	5	4	1.63636362552643	2	0	2	1	3
0	3.67000007629395	2.59999990463257	1	26.5808219909668	7	2	1	2	3	3.5	2.81818175315857	1	0	2	0	3
1	2.67000007629395	1	1	42.1260261535645	1	1	1	5	3	5	1	2	1	1	1	4
1	2.32999992370605	2	0	23.7095890045166	7	1	1	3	1	3.33333325386047	2	1	0	1	0	2
1	1.66999995708466	1.73000001907349	1	56.1068496704102	3	2	1	1	1	4	1.45454549789429	1	0	1	1	3
0	2.67000007629395	2	1	31.210958480835	3	2	1	2	3	4.33333349227905	1.63636362552643	1	0	2	1	3
1	2.32999992370605	1.73000001907349	0	45.6712341308594	6	2	1	2	2	4.33333349227905	1.36363637447357	2	1	1	1	3
1	2.32999992370605	1.26999998092651	0	61.4739723205566	5	2	1	2	5	3.83333325386047	1.18181812763214	1	0	1	0	3
0	1.33000004291534	1.0900000333786	0	59.7616424560547	3	2	1	5	3	3.66666674613953	1	1	0	2	0	3
0	4	2.1800000667572	1	37.5232887268066	2	1	1	3	4	3.83333325386047	2.81818175315857	1	0	2	0	3
1	1.66999995708466	1.17999994754791	0	30.0328769683838	2	1	1	5	2	4	1.63636362552643	2	1	1	1	3
0	2.67000007629395	2	0	51.9780807495117	2	2	1	2	5	3.83333325386047	1.27272725105286	2	0	2	0	3
0	3	1.0900000333786	0	42.4137001037598	4	2	1	3	2	5	1.09090912342072	2	0	2	1	4
1	2.67000007629395	2.45000004768372	0	35.2684936523438	7	2	1	3	2	4.33333349227905	3	2	0	1	1	3
1	3.32999992370605	1.45000004768372	0	22.9698638916016	3	1	1	2	3	3.83333325386047	1.18181812763214	1	1	1	0	3
1	2.32999992370605	2	0	35.9150695800781	6	1	1	4	4	4.16666650772095	2.09090900421143	1	1	1	1	3
0	1.66999995708466	1.82000005245209	1	34.2575340270996	2	1	1	2	3	4	1	1	0	2	1	3
1	4.67000007629395	2	1	27.7013702392578	3	2	2	3	1	2.66666674613953	1.45454549789429	2	1	1	0	2
1	3	1	0	35.4328765869141	1	2	1	3	5	5	1	1	1	1	1	4
1	3.67000007629395	1	0	41.3315086364746	2	3	1	4	3	5	1.18181812763214	2	1	1	1	4
1	1.33000004291534	1.36000001430511	0	28.9315071105957	5	1	1	3	4	3.5	2.27272725105286	2	1	1	0	3
1	1.66999995708466	1.54999995231628	1	18.687671661377	3	1	1	2	2	5	1.18181812763214	1	1	1	1	4
0	2	1.45000004768372	0	35.2958908081055	1	2	1	4	5	4.5	1.27272725105286	1	0	2	1	4
0	3.32999992370605	1.9099999666214	0	23.1315059661865	7	1	1	2	1	2.33333325386047	3.09090900421143	1	0	2	0	1
1	2	1.9099999666214	0	44.0547943115234	2	2	1	1	5	4.83333349227905	2.81818175315857	1	0	1	1	4
1	3	2.64000010490418	1	36.5534248352051	2	2	1	3	4	2.66666674613953	1.63636362552643	1	0	1	0	2
1	3.32999992370605	1.17999994754791	1	39.9698638916016	2	4	1	3	2	4.16666650772095	1.39999997615814	2	1	1	1	3
1	3.67000007629395	2	0	44.5369873046875	6	4	1	1	3	4	1	1	0	1	1	3
1	5	2	1	32.758903503418	1	1	1	4	2	5	1.81818187236786	1	1	1	1	4
1	4.67000007629395	2.26999998092651	0	37.4082183837891	2	2	1	3	5	3.16666674613953	2.63636374473572	1	0	1	0	2
1	3.67000007629395	2.91000008583069	1	24.0602741241455	2	1	1	2	1	4.16666650772095	1.72727274894714	2	0	1	1	3
0	1.66999995708466	1	0	21.4136981964111	6	1	1	3	1	3.5	1.36363637447357	1	0	2	0	3
0	2.32999992370605	1	1	37.1506843566895	6	4	1	3	1	4	2.54545450210571	1	0	2	1	3
0	2.67000007629395	2.26999998092651	0	28.789041519165	5	2	1	1	2	2.66666674613953	1.63636362552643	1	0	2	0	2
1	3.32999992370605	2.8199999332428	0	34.1150703430176	1	4	1	3	4	4.5	2	1	1	1	1	4
1	3.32999992370605	1.20000004768372	0	23.0630130767822	7	1	2	1	1	5	1	1	0	1	1	4
1	1.33000004291534	2	1	32.9205474853516	2	2	2	3	5	4.5	1.27272725105286	1	1	1	1	4
1	4.32999992370605	2.08999991416931	1	53.5589027404785	3	4	1	3	1	4.66666650772095	2.45454549789429	1	0	1	1	4
0	3	1.36000001430511	0	32.4054794311523	2	2	1	3	3	5	1	2	0	2	1	4
0	3.32999992370605	2.79999995231628	1	39.832878112793	3	4	2	3	1	3.66666674613953	1.81818187236786	1	0	2	0	3
0	2	1.0900000333786	0	24.2054786682129	6	1	2	4	1	5	1	1	0	2	1	4
1	3	1.82000005245209	1	45.7013702392578	2	4	1	3	5	4.66666650772095	2.63636374473572	1	0	1	1	4
0	3.32999992370605	1.63999998569489	1	28.7671241760254	3	1	2	3	1	4.66666650772095	1.54545450210571	1	0	2	1	4
1	2	1.45000004768372	0	31.6657543182373	3	2	1	4	5	5	1.36363637447357	2	1	1	1	4
1	3	2.45000004768372	0	32.7150688171387	4	2	1	5	4	4	1.54545450210571	1	0	1	1	3
1	2	1.63999998569489	0	35.2986297607422	2	2	1	2	5	4.5	1.27272725105286	1	1	1	1	4
1	3	2.70000004768372	1	48.9780807495117	3	2	1	2	5	5	2.09090900421143	1	1	1	1	4
1	2.32999992370605	1.17999994754791	0	35.9808235168457	6	3	1	1	1	3.83333325386047	2.45454549789429	1	1	1	0	3
1	3.32999992370605	1.73000001907349	1	42.879451751709	7	2	2	2	5	4.16666650772095	1.09090912342072	1	0	1	1	3
0	2.32999992370605	1.17999994754791	0	26.7999992370606	2	2	1	3	4	4.83333349227905	1.36363637447357	1	0	2	1	4
1	2.32999992370605	2	1	25.5452060699463	3	1	1	1	3	4	1.27272725105286	1	0	1	1	3
1	4.32999992370605	2.91000008583069	0	31.3890419006348	5	2	1	1	2	4.16666650772095	2.27272725105286	1	0	1	1	3
1	1	1.36000001430511	0	36.4191780090332	1	1	1	3	2	2.33333325386047	1.90909087657928	1	1	1	0	1
0	3.67000007629395	2.35999989509583	1	33.6821899414063	4	2	1	3	3	3.66666674613953	1.63636362552643	2	0	2	0	3
0	1.66999995708466	1	1	45.0191764831543	3	4	1	2	3	5	1	1	0	2	1	4
1	4.32999992370605	2.54999995231628	0	41.6986312866211	5	4	1	2	1	4.16666650772095	2.72727274894714	1	1	1	1	3
0	2.67000007629395	1.0900000333786	0	27.9287662506104	1	4	1	5	5	4.83333349227905	1.90909087657928	1	0	2	1	4
1	4	2.73000001907349	1	40.1013717651367	3	2	1	5	5	4.33333349227905	2.72727274894714	2	0	1	1	3
0	2.67000007629395	2	1	47.7780838012695	2	4	1	2	4	2.83333325386047	2	1	0	2	0	2
1	2.67000007629395	1.73000001907349	0	44.1890411376953	2	2	1	4	5	4.33333349227905	1	2	1	1	1	3
1	1.33000004291534	2.54999995231628	1	33.3315086364746	4	2	1	4	4	3.33333325386047	1.36363637447357	1	1	1	0	2
1	1.66999995708466	1	1	46.2986297607422	2	2	1	3	5	3.83333325386047	1	2	1	1	0	3
1	4	1.26999998092651	0	29.5780830383301	5	2	1	2	5	5	1	2	1	1	1	4
1	2.32999992370605	3	0	39.2301368713379	1	4	1	5	3	3.83333325386047	1.81818187236786	1	1	1	0	3
0	3.32999992370605	1.54999995231628	0	23.2000007629395	1	1	2	3	3	4.5	1.36363637447357	1	0	2	1	4
1	2.32999992370605	2	1	53.1534233093262	3	5	1	2	2	3.33333325386047	2.90909099578857	1	0	1	0	2
0	2.32999992370605	1.54999995231628	1	35.808219909668	3	1	1	4	3	4.16666650772095	1.36363637447357	2	0	2	1	3
0	1.66999995708466	1.0900000333786	1	55.2876701354981	3	2	1	3	5	4.33333349227905	1	1	0	2	1	3
1	3	1.9099999666214	0	30.6273975372315	2	2	1	3	5	4.83333349227905	1.18181812763214	2	1	1	1	4
0	5	2.64000010490418	0	44.4410972595215	5	4	1	3	5	3.5	3.09090900421143	1	0	2	0	3
1	2	1.0900000333786	0	44.4575347900391	5	2	1	2	3	4.83333349227905	1.36363637447357	1	1	1	1	4
1	2.67000007629395	2.64000010490418	1	44.6438369750977	4	2	1	3	5	3.83333325386047	2.45454549789429	2	0	1	0	3
1	2.32999992370605	1.26999998092651	0	29.5041103363037	2	2	2	4	4	4	1	2	1	1	1	3
0	1	1.26999998092651	1	52.0575332641602	3	2	1	2	5	4.5	1.63636362552643	1	0	2	1	4
1	2.67000007629395	1.45000004768372	0	43.6164398193359	4	2	1	4	5	4.5	1	2	1	1	1	4
0	1.66999995708466	1.0900000333786	1	24.3589038848877	3	1	2	3	5	4	1	1	0	2	1	3
0	5	1.9099999666214	0	40.1150703430176	6	2	1	3	4	3	2.81818175315857	2	0	2	0	2
1	3	3	1	42.8575325012207	7	4	1	2	3	1.16666662693024	1.90909087657928	2	0	1	0	1
1	2.67000007629395	1.45000004768372	0	36.6356163024902	6	2	1	2	3	3.66666674613953	1.45454549789429	2	1	1	0	3
1	4.67000007629395	2.67000007629395	1	43.808219909668	2	3	1	2	1	4.5	1.72727274894714	1	1	1	1	4
1	3.32999992370605	1.54999995231628	1	29.4493141174316	1	4	1	4	3	3.5	1.09090912342072	2	0	1	0	3
0	2	1.9099999666214	1	34.0657539367676	3	2	1	3	4	2.83333325386047	2.27272725105286	1	0	2	0	2
1	2	1.45000004768372	1	35.5999984741211	2	2	1	2	5	5	2.63636374473572	2	1	1	1	4
1	4.67000007629395	1.45000004768372	1	53.4931488037109	4	4	1	2	2	3.83333325386047	1.36363637447357	2	1	1	0	3
0	3.67000007629395	1.26999998092651	0	33.8767127990723	7	2	1	2	2	4.83333349227905	1.36363637447357	1	0	2	1	4
1	4	1.63999998569489	0	26.663013458252	5	2	1	3	2	4.33333349227905	1.36363637447357	1	0	1	1	3
1	3	1	0	41.6493148803711	6	2	1	2	5	4.33333349227905	1	1	1	1	1	3
0	3	2.73000001907349	0	26.1780815124512	1	1	1	4	3	4.66666650772095	2	1	0	2	1	4
0	2.67000007629395	2.1800000667572	1	23.5369853973389	3	1	1	2	2	5	1.63636362552643	2	0	2	1	4
0	2.32999992370605	1.45000004768372	0	30.1479454040527	5	1	1	4	5	3.66666674613953	1.45454549789429	1	0	2	0	3
0	4	2.1800000667572	1	31.3999996185303	1	4	1	4	3	4.5	2.09090900421143	2	0	2	1	4
1	4.32999992370605	2.26999998092651	1	31.7342472076416	1	1	1	3	2	3.5	1.72727274894714	1	1	1	0	3
1	3.32999992370605	2.64000010490418	1	27.4301376342773	2	1	2	5	1	3.83333325386047	1.72727274894714	2	1	1	0	3
0	2.32999992370605	2.91000008583069	1	40.1972618103027	3	4	1	1	3	4.16666650772095	2.20000004768372	1	0	2	1	3
0	5	1.36000001430511	0	51.2821922302246	6	2	1	1	1	5	1.45454549789429	1	0	2	1	4
1	3.32999992370605	2.54999995231628	1	37.9671249389648	3	1	1	3	1	3.66666674613953	1.27272725105286	1	1	1	0	3
1	3	2.35999989509583	1	29.7095890045166	3	3	2	3	3	5	2.09090900421143	2	1	1	1	4
0	2.67000007629395	1.36000001430511	1	36.7013702392578	3	2	1	2	1	3.33333325386047	3	1	0	2	0	2
1	3	2.8199999332428	1	33.8986282348633	7	1	1	2	3	3.83333325386047	1.27272725105286	2	0	1	0	3
1	3	1.45000004768372	1	42.7452049255371	3	4	1	2	3	4.66666650772095	1.27272725105286	1	0	1	1	4
1	3.32999992370605	1.36000001430511	1	29.2273979187012	3	2	1	3	2	4.5	1.54545450210571	2	1	1	1	4
0	1.66999995708466	1.36000001430511	0	25.5068492889404	1	2	1	4	4	4.16666650772095	1.18181812763214	1	0	2	1	3
1	2.67000007629395	2.79999995231628	0	22.1369857788086	7	1	1	2	2	3.16666674613953	1.63636362552643	2	1	1	0	2
0	3.32999992370605	1.0900000333786	0	32.7917823791504	1	2	1	5	3	4.33333349227905	1.18181812763214	1	0	2	1	3
1	2.32999992370605	2	0	21.8657531738281	7	1	1	2	1	4.33333349227905	2	1	0	1	1	3
1	3	1	0	24.638355255127	7	1	2	2	3	4.16666650772095	1.09090912342072	1	0	1	1	3
1	1.33000004291534	1	1	57.1369857788086	6	2	1	1	4	3.33333325386047	1	1	0	1	0	2
1	4.32999992370605	1.54999995231628	1	47.0273971557617	1	4	2	4	1	4.66666650772095	1.36363637447357	1	0	1	1	4
1	4.32999992370605	2.08999991416931	1	48.8410949707031	1	4	1	2	2	3.83333325386047	2.45454549789429	1	0	1	0	3
0	2.67000007629395	1.36000001430511	0	33.3178100585938	5	2	1	2	3	4	1.09090912342072	1	0	2	1	3
1	2.67000007629395	2.08999991416931	0	34.5616455078125	7	2	1	2	4	4.33333349227905	1.18181812763214	1	0	1	1	3
1	3	2	1	26.2739734649658	1	1	2	2	3	4.16666650772095	1.72727274894714	1	1	1	1	3
1	4	2.73000001907349	0	27.1123294830322	5	2	1	2	2	4.33333349227905	1.81818187236786	2	1	1	1	3
1	1.66999995708466	1.82000005245209	0	34.4657516479492	1	1	1	5	3	2.5	2.27272725105286	2	0	1	0	2
0	2	1.73000001907349	0	28.7342472076416	3	1	1	4	2	3.66666674613953	2.27272725105286	1	0	2	0	3
1	2.32999992370605	2.45000004768372	1	22.4931507110596	3	2	1	2	2	3.16666674613953	2	1	0	1	0	2
1	2	1	1	37.8739738464355	3	2	1	2	3	3	2.18181824684143	2	1	1	0	2
0	1	2.54999995231628	1	40.0876693725586	6	4	2	3	5	3.83333325386047	1.18181812763214	1	0	2	0	3
1	3.67000007629395	2.91000008583069	0	33.3205490112305	5	2	1	2	4	5	1.27272725105286	2	0	1	1	4
1	4	2.35999989509583	0	30.6657543182373	5	1	1	2	2	2.33333325386047	1.90909087657928	2	1	1	0	1
0	2.67000007629395	2	1	41.5506858825684	3	2	1	3	3	2.83333325386047	1.09090912342072	1	0	2	0	2
1	3.67000007629395	1.36000001430511	0	30.3753433227539	6	2	1	2	5	4.5	1.09090912342072	2	1	1	1	4
0	3	2.08999991416931	1	37.6821899414063	1	1	1	3	2	4.83333349227905	1.72727274894714	2	0	2	1	4
1	3.32999992370605	3	1	25.4986305236816	3	1	1	2	4	4.16666650772095	2.63636374473572	2	1	1	1	3
0	3	2.1800000667572	1	50.5561637878418	2	4	1	2	3	4.16666650772095	2.90909099578857	1	0	2	1	3
1	1.66999995708466	2.54999995231628	1	29.2000007629395	2	2	1	4	5	4.83333349227905	1.09090912342072	2	0	1	1	4
1	3	1.89999997615814	1	24.8712329864502	3	1	1	4	1	3.33333325386047	2.29999995231628	2	1	1	0	2
1	4	2.35999989509583	0	20.1260280609131	5	1	1	2	1	4.5	2	2	0	1	1	4
1	1	1	1	47.2219161987305	6	2	1	2	5	3	1.90909087657928	1	1	1	0	2
1	2	2.64000010490418	1	49.7808227539063	6	4	1	1	4	5	3	2	1	1	1	4
1	1.33000004291534	1.26999998092651	1	27.356164932251	2	2	1	5	5	4.33333349227905	1.54545450210571	1	0	1	1	3
1	1	1	1	32.3123283386231	6	2	1	2	5	5	1	2	1	1	1	4
1	2	1.73000001907349	1	28.5506858825684	7	2	1	2	2	3.5	1.63636362552643	2	0	1	0	3
0	2	2.08999991416931	1	39.1041107177734	7	1	1	4	3	2	2.09090900421143	1	0	2	0	1
1	2.67000007629395	1	1	25.0191783905029	6	1	1	2	1	3.5	1.63636362552643	2	0	1	0	3
1	2.67000007629395	1.54999995231628	1	21.1260280609131	3	1	1	3	5	3.33333325386047	1.18181812763214	1	1	1	0	2
0	2	1.9099999666214	0	42.8136978149414	1	2	1	5	2	4.83333349227905	1.90909087657928	1	0	2	1	4
0	1.66999995708466	1.73000001907349	0	41.3534240722656	6	4	1	3	2	3.16666674613953	1.90909087657928	2	0	2	0	2
1	3	2.8199999332428	1	60.5616455078125	3	5	1	3	2	1	1	2	0	1	0	1
1	4	1	0	47.1945190429688	2	2	1	4	5	5	1	1	1	1	1	4
1	5	2.54999995231628	0	49.8520545959473	4	4	2	2	2	4	2.27272725105286	1	1	1	1	3
1	3	2.26999998092651	1	37.5643844604492	3	1	1	2	1	4.33333349227905	1.18181812763214	2	1	1	1	3
0	4	1.9099999666214	0	52.3205490112305	6	2	1	2	3	3.66666674613953	1.72727274894714	1	0	2	0	3
1	5	2.26999998092651	0	32.0821914672852	3	1	1	3	4	5	1.81818187236786	1	1	1	1	4
1	2	1.26999998092651	0	39.120548248291	6	1	2	3	3	4.66666650772095	3.54545450210571	2	1	1	1	4
1	3	1.39999997615814	0	31.6986293792725	7	2	1	3	3	4.16666650772095	1	2	1	1	1	3
1	1.33000004291534	1.0900000333786	0	26.5013694763184	3	1	1	4	2	4	1.09090912342072	1	0	1	1	3
0	2.67000007629395	1.60000002384186	0	62.1753425598145	1	2	1	4	3	3.83333325386047	1.54545450210571	1	0	2	0	3
1	3	1.26999998092651	1	51.3342475891113	7	2	2	2	3	4.66666650772095	1	2	0	1	1	4
1	4.32999992370605	1.17999994754791	1	56.4027404785156	1	2	1	3	5	4	1.36363637447357	1	1	1	1	3
1	2.67000007629395	2.35999989509583	0	27.7945213317871	6	1	2	3	1	1.83333337306976	1.90909087657928	2	0	1	0	1
0	1.33000004291534	1.54999995231628	1	43.3369865417481	3	2	1	5	5	3.83333325386047	1.72727274894714	1	0	2	0	3
1	3	2.08999991416931	0	51.2027397155762	4	2	1	4	5	4.83333349227905	1.72727274894714	1	1	1	1	4
1	3	1.9099999666214	1	27.9315071105957	2	2	1	3	5	5	1.09090912342072	1	0	1	1	4
1	2.67000007629395	1.17999994754791	0	44.0410957336426	4	2	1	4	4	4.5	1.36363637447357	1	1	1	1	4
0	2.32999992370605	2	0	72.4794540405274	4	2	1	5	3	4.33333349227905	2.63636374473572	1	0	2	1	3
1	3.67000007629395	1.17999994754791	1	28.4054794311523	4	4	1	2	2	5	1	2	0	1	1	4
0	2.67000007629395	1.26999998092651	0	37.7178077697754	5	3	2	2	3	4.66666650772095	1.36363637447357	1	0	2	1	4
1	3	1.45000004768372	0	35.7068481445313	4	2	1	5	4	4.33333349227905	1.18181812763214	2	1	1	1	3
0	4.67000007629395	1.45000004768372	1	24.8273963928223	3	1	2	2	1	5	1	1	0	2	1	4
1	3.32999992370605	2.35999989509583	1	32.4082183837891	2	4	1	4	3	5	1.63636362552643	2	0	1	1	4
0	1	1	1	60.1041107177734	3	2	1	3	5	2.83333325386047	1.09090912342072	1	0	2	0	2
1	1.33000004291534	1.73000001907349	1	41.5945205688477	1	2	1	4	5	4.66666650772095	1.54545450210571	1	1	1	1	4
1	4	2.1800000667572	0	54.7808227539063	1	2	1	2	5	3.66666674613953	2	1	1	1	0	3
1	2	1.9099999666214	1	47.3479461669922	3	4	1	4	2	4.16666650772095	2.36363625526428	1	1	1	1	3
1	3.32999992370605	1.45000004768372	1	35.7287673950195	3	2	1	4	4	3.5	2.36363625526428	1	1	1	0	3
1	4.32999992370605	2.64000010490418	0	45.9808235168457	4	4	1	5	5	4.33333349227905	2.18181824684143	1	0	1	1	3
1	2.67000007629395	2.1800000667572	1	44.4054794311523	1	4	1	3	2	5	1.27272725105286	2	1	1	1	4
1	3	1.26999998092651	0	23.739725112915	2	1	1	4	1	4	2.63636374473572	1	1	1	1	3
0	2	1.0900000333786	1	40.8904113769531	3	2	1	3	5	5	1	1	0	2	1	4
0	3.67000007629395	1.82000005245209	0	31.693151473999	1	1	1	5	1	4.16666650772095	2.09090900421143	2	0	2	1	3
1	3.67000007629395	2.1800000667572	1	30.3452053070068	5	4	1	3	2	5	2.45454549789429	1	0	1	1	4
1	3	2.20000004768372	0	53.024658203125	2	2	1	3	5	4.33333349227905	2	1	1	1	1	3
0	3.67000007629395	1.73000001907349	0	28.452054977417	5	2	1	2	2	4.66666650772095	1.72727274894714	2	0	2	1	4
0	2.32999992370605	1.54999995231628	1	52.4958915710449	7	2	1	2	3	3.83333325386047	1.63636362552643	1	0	2	0	3
1	3	1.73000001907349	1	50.0876693725586	3	2	1	3	3	4.16666650772095	1.81818187236786	1	0	1	1	3
1	4.32999992370605	1.0900000333786	1	28.8630142211914	2	2	1	4	5	5	1.18181812763214	1	0	1	1	4
0	3.32999992370605	2.91000008583069	1	57.2465744018555	1	4	1	3	2	3.83333325386047	1.81818187236786	1	0	2	0	3
1	2.67000007629395	1.39999997615814	0	63.0575332641602	1	2	1	3	5	4	1.18181812763214	2	1	1	1	3
0	4.32999992370605	1.0900000333786	0	34.5671234130859	4	4	1	3	3	4.66666650772095	2.27272725105286	1	0	2	1	4
1	3.32999992370605	1.36000001430511	0	28.5095882415772	2	2	1	3	3	4.5	1	2	0	1	1	4
1	4.32999992370605	2.08999991416931	0	43.1342468261719	3	2	1	4	3	4.33333349227905	1.18181812763214	2	0	1	1	3
1	2.67000007629395	1.36000001430511	0	24.5041103363037	5	1	1	3	3	4.16666650772095	2.09090900421143	1	0	1	1	3
1	4.32999992370605	2.73000001907349	1	29.668493270874	1	1	1	3	2	4.33333349227905	2.45454549789429	1	0	1	1	3
1	3	1.54999995231628	1	46.6493148803711	1	2	1	5	3	5	1.45454549789429	1	1	1	1	4
1	2.67000007629395	1.36000001430511	0	38.0657539367676	2	2	1	5	5	4.66666650772095	1.27272725105286	1	1	1	1	4
0	2.67000007629395	1.29999995231628	1	53.5123291015625	2	2	1	2	2	4.66666650772095	1	1	0	2	1	4
1	3.67000007629395	2.64000010490418	1	23.7726020812988	2	1	1	4	2	3.16666674613953	3.54545450210571	1	0	1	0	2
0	5	2.25	0	58.2109603881836	2	2	1	1	5	5	1.18181812763214	2	0	2	1	4
0	3	1.9099999666214	1	32.8602752685547	2	2	1	2	3	3.66666674613953	3.18181824684143	1	0	2	0	3
1	4.32999992370605	2.54999995231628	0	39.0931510925293	5	4	1	3	2	3.83333325386047	3	1	1	1	0	3
1	4	2.8199999332428	1	43.712329864502	2	4	1	2	2	3.16666674613953	1.81818187236786	1	0	1	0	2
1	1.33000004291534	1	1	50.1095886230469	4	2	1	2	5	4	1	1	0	1	1	3
0	2.67000007629395	1.73000001907349	0	26.4164390563965	1	1	1	3	2	4.16666650772095	1.63636362552643	1	0	2	1	3
1	3	1.9099999666214	1	46.7397270202637	3	1	1	3	3	3.16666674613953	1.45454549789429	1	1	1	0	2
0	3.67000007629395	2.08999991416931	1	46.8438339233398	4	4	1	3	2	4	1.72727274894714	1	0	2	1	3
1	3.32999992370605	1	0	48.2136993408203	2	2	2	3	5	4.66666650772095	1	2	1	1	1	4
1	5	2.64000010490418	1	39.9589042663574	3	4	1	3	1	3.16666674613953	1.81818187236786	2	1	1	0	2
1	3.67000007629395	1.82000005245209	0	59.7013702392578	5	2	1	2	3	4	1.45454549789429	2	1	1	1	3
0	3.32999992370605	2.08999991416931	1	31.6739730834961	3	1	1	3	3	4	1.72727274894714	1	0	2	1	3
1	3	1.73000001907349	0	29.6849308013916	1	2	1	5	4	4.16666650772095	2.36363625526428	1	1	1	1	3
1	3.67000007629395	1	0	30.3397254943848	5	4	1	3	2	4.66666650772095	1	2	0	1	1	4
1	3	2.32999992370605	0	39.7698631286621	7	2	2	4	2	3.83333325386047	1.27272725105286	2	1	1	0	3
1	4	1.36000001430511	1	38.2000007629395	1	2	1	4	1	4.5	1.45454549789429	1	0	1	1	4
1	2.32999992370605	2	0	40.6684913635254	2	4	1	5	3	4.16666650772095	2.63636374473572	1	0	1	1	3
1	2	1.0900000333786	0	26	2	1	1	2	5	4.16666650772095	1.27272725105286	1	1	1	1	3
1	2.67000007629395	2.64000010490418	1	34.7726020812988	2	1	1	4	4	4	2.18181824684143	1	1	1	1	3
1	2.67000007629395	1.82000005245209	0	56.2986297607422	6	2	1	2	3	3.33333325386047	1	1	1	1	0	2
0	2.67000007629395	1.9099999666214	1	31.3095893859863	2	2	1	3	5	3	2.54545450210571	1	0	2	0	2
0	2.67000007629395	2	1	26.7452049255371	7	2	1	1	4	3.5	1.81818187236786	1	0	2	0	3
0	3.67000007629395	1.9099999666214	0	22.9616432189941	5	1	1	2	4	3.5	1	2	0	2	0	3
1	3.32999992370605	2.26999998092651	0	45.169864654541	1	1	1	4	4	3.5	2	1	1	1	0	3
1	2.67000007629395	2	1	44.9972610473633	1	2	1	5	3	3.66666674613953	1.90909087657928	1	1	1	0	3
1	3.32999992370605	1.45000004768372	0	36.4493141174316	6	1	1	5	5	3.83333325386047	1.36363637447357	2	1	1	0	3
0	2.67000007629395	2	1	52.736988067627	3	5	1	3	2	3.5	1.09090912342072	2	0	2	0	3
1	2.67000007629395	1	0	25.1506843566895	6	1	1	1	1	4	1.63636362552643	1	1	1	1	3
1	1.66999995708466	1.17999994754791	1	32.1945190429688	3	4	1	3	3	3.16666674613953	1.54545450210571	1	1	1	0	2
1	2.67000007629395	1.60000002384186	0	26.7863006591797	1	2	1	4	5	5	1.09090912342072	1	1	1	1	4
1	4.32999992370605	3	1	49.4109573364258	5	4	1	3	2	4	1.72727274894714	2	1	1	1	3
0	4	2.20000004768372	1	32.7041091918945	1	1	2	4	1	4.66666650772095	1.36363637447357	2	0	2	1	4
1	3	1.26999998092651	1	27.6164379119873	1	4	1	3	3	5	1.18181812763214	1	1	1	1	4
0	3.32999992370605	1.63999998569489	0	35.3726043701172	2	1	1	2	2	4.33333349227905	1.81818187236786	1	0	2	1	3
1	4	1.73000001907349	0	22.5287666320801	5	2	1	2	1	3.16666674613953	1.18181812763214	2	1	1	0	2
0	3	1.17999994754791	0	22.1424655914307	5	1	1	2	3	4	1.45454549789429	1	0	2	1	3
1	2.67000007629395	1	1	35.95068359375	1	2	1	2	4	4.16666650772095	1.09090912342072	1	0	1	1	3
1	2.67000007629395	1.45000004768372	0	45.1945190429688	3	2	1	4	1	3.66666674613953	1.60000002384186	1	1	1	0	3
1	2	1.73000001907349	1	36.3753433227539	5	2	1	2	5	3.16666674613953	1.63636362552643	1	1	1	0	2
0	3	2.35999989509583	1	38.9863014221191	7	2	2	2	3	4.33333349227905	1.63636362552643	1	0	2	1	3
1	2.32999992370605	1.45000004768372	1	57.5068511962891	3	1	1	2	2	3.66666674613953	1.20000004768372	1	1	1	0	3
1	3	1.17999994754791	0	24.7945213317871	6	1	1	2	3	4.5	1.18181812763214	2	1	1	1	4
1	2.67000007629395	1.36000001430511	0	44.8904113769531	2	2	1	5	4	4.66666650772095	1	1	1	1	1	4
0	3.32999992370605	2.64000010490418	1	42.1561660766602	3	2	1	3	3	4.33333349227905	2.18181824684143	1	0	2	1	3
1	3	2.45000004768372	0	37.9013710021973	6	2	1	3	3	4.66666650772095	1.63636362552643	1	0	1	1	4
0	5	1.17999994754791	0	56.3095893859863	5	2	1	1	3	4.83333349227905	1.45454549789429	1	0	2	1	4
1	2	2.26999998092651	1	41.2082176208496	3	3	1	2	4	5	2.72727274894714	1	1	1	1	4
0	1.33000004291534	2.26999998092651	1	30.4356155395508	3	2	1	4	5	2.16666674613953	1.81818187236786	1	0	2	0	1
0	4	2.09999990463257	1	33.7260284423828	1	1	2	3	3	3.66666674613953	1.81818187236786	1	0	2	0	3
0	1.33000004291534	2.54999995231628	1	32.6027412414551	6	2	1	2	4	3.66666674613953	1.18181812763214	1	0	2	0	3
0	2.32999992370605	1.26999998092651	1	26.3287677764893	2	1	1	4	2	4.5	1.72727274894714	1	0	2	1	4
0	3.67000007629395	1.73000001907349	1	20.693151473999	1	1	1	3	2	4.16666650772095	1.90909087657928	2	0	2	1	3
0	1.66999995708466	1.45000004768372	1	48.1561660766602	1	2	1	5	5	4.16666650772095	1.63636362552643	1	0	2	1	3
0	3.32999992370605	1.0900000333786	1	37.7698631286621	3	4	1	2	1	5	1	2	0	2	1	4
0	2.32999992370605	1.45000004768372	1	21.8739719390869	3	1	1	2	3	3	1.54545450210571	2	0	2	0	2
1	2.67000007629395	2	0	37.687671661377	1	1	1	3	2	3.83333325386047	1.63636362552643	1	1	1	0	3
1	1	1.73000001907349	1	37.1342468261719	2	4	1	5	3	3.83333325386047	2	1	1	1	0	3
1	1.66999995708466	2.44000005722046	0	55.6191787719727	3	2	1	5	3	3.5	1.72727274894714	1	1	1	0	3
0	3	2.1800000667572	1	29.4575347900391	1	2	1	5	5	4.16666650772095	1.27272725105286	1	0	2	1	3
0	2	1.60000002384186	1	42.928768157959	1	4	1	5	4	4	1.79999995231628	1	0	2	1	3
0	3.67000007629395	1.45000004768372	1	36.167121887207	3	2	1	3	2	5	1	1	0	2	1	4
0	3.67000007629395	1.0900000333786	1	45	4	4	1	5	5	5	1.27272725105286	2	0	2	1	4
1	3.67000007629395	1.0900000333786	1	29.4082183837891	3	2	1	2	5	4	1.27272725105286	1	0	1	1	3
1	4	2.59999990463257	1	50.5287666320801	1	1	1	4	2	2.66666674613953	3.36363625526428	1	1	1	0	2
0	2.32999992370605	2.64000010490418	1	22.808219909668	4	1	1	4	3	4	3.09090900421143	1	0	2	1	3
1	4.32999992370605	2.1800000667572	0	31.8657531738281	1	2	2	3	3	4	1.63636362552643	1	0	1	1	3
1	3.67000007629395	2.73000001907349	0	44.7068481445313	5	2	1	2	3	5	1.18181812763214	2	0	1	1	4
1	3.32999992370605	2.1800000667572	1	43.4876708984375	1	4	1	3	2	4.83333349227905	1.36363637447357	1	1	1	1	4
1	1.66999995708466	1.26999998092651	0	24.2630138397217	7	1	1	2	4	1	1.54545450210571	2	1	1	0	1
0	4	2.35999989509583	1	43.4054794311523	1	1	1	5	2	3.5	3	1	0	2	0	3
1	4.32999992370605	2.26999998092651	1	26.2383556365967	6	4	1	3	2	3.33333325386047	2.09090900421143	1	1	1	0	2
1	3	1.45000004768372	0	30.4630146026611	4	2	2	5	5	4.83333349227905	1	2	1	1	1	4
0	3	3	1	37.0575332641602	2	4	1	2	5	4.33333349227905	2.90909099578857	1	0	2	1	3
1	1.66999995708466	2.08999991416931	1	23.2767124176025	3	1	1	4	3	3.66666674613953	1.90909087657928	2	1	1	0	3
1	3	1.17999994754791	0	32.9561653137207	7	1	2	3	2	4.33333349227905	1.27272725105286	2	1	1	1	3
0	4	3	0	31.9945201873779	6	1	2	3	1	3.33333325386047	1.54545450210571	2	0	2	0	2
1	3	2.08999991416931	1	50.8054809570313	3	2	1	2	5	4.16666650772095	3.45454549789429	1	1	1	1	3
1	2	1.26999998092651	1	47.3972587585449	1	3	1	5	5	4.33333349227905	3	1	1	1	1	3
0	4	1.9099999666214	0	40.5506858825684	2	2	2	5	1	3	2	2	0	2	0	2
1	3.32999992370605	2.1800000667572	0	40.2054786682129	2	2	1	3	5	3	2.72727274894714	1	1	1	0	2
1	1.66999995708466	1.26999998092651	1	45.3726043701172	4	4	1	2	1	3	1.63636362552643	2	0	1	0	2
0	3.32999992370605	3	1	46.7287673950195	6	4	2	2	1	4.33333349227905	3.09090900421143	1	0	2	1	3
1	2.67000007629395	1.82000005245209	0	30.0931510925293	4	2	1	5	2	3.33333325386047	1.45454549789429	1	1	1	0	2
0	3.32999992370605	2	1	44.7178077697754	3	4	1	2	2	5	1	1	0	2	1	4
1	3.32999992370605	1.79999995231628	1	56.5698623657227	1	4	1	4	2	2.83333325386047	2.40000009536743	1	1	1	0	2
1	1.66999995708466	1.45000004768372	0	47.5698623657227	1	2	1	4	5	3.66666674613953	1.36363637447357	1	1	1	0	3
1	3.67000007629395	1.45000004768372	1	34.8739738464356	3	1	2	3	2	5	1	1	1	1	1	4
1	3.32999992370605	2.45000004768372	0	53.5835609436035	1	2	2	5	3	4	1.72727274894714	1	1	1	1	3
1	5	2.82999992370605	0	42.6328773498535	5	2	1	2	3	3.83333325386047	2.27272725105286	1	0	1	0	3
1	1.66999995708466	1.45000004768372	1	59.0191764831543	4	2	1	2	3	3.66666674613953	1.18181812763214	2	0	1	0	3
0	2.32999992370605	1	0	36.0602722167969	4	2	1	4	5	4.33333349227905	1	1	0	2	1	3
1	1	2.35999989509583	0	52.4082183837891	2	2	1	3	5	4	1.18181812763214	1	1	1	1	3
1	2.67000007629395	1.63999998569489	1	36.5835609436035	3	1	1	2	3	4	1.81818187236786	1	0	1	1	3
0	4.32999992370605	1.45000004768372	1	22.2273979187012	4	1	2	3	5	5	1.18181812763214	1	0	2	1	4
0	1.66999995708466	1.45000004768372	1	61.6493148803711	3	4	1	5	4	4.16666650772095	1.90909087657928	2	0	2	1	3
0	2.67000007629395	2.1800000667572	0	38.2136993408203	5	4	1	3	2	4.5	1.18181812763214	2	0	2	1	4
1	2	1.63999998569489	1	37.2794532775879	2	2	1	2	5	4.5	1.27272725105286	1	1	1	1	4
1	2.32999992370605	1.26999998092651	0	32.7315063476563	1	4	2	4	3	4.16666650772095	1.18181812763214	1	1	1	1	3
1	2.67000007629395	1.82000005245209	0	58.9616432189941	3	2	1	5	2	4	1.90909087657928	1	1	1	1	3
1	3.67000007629395	1.0900000333786	1	26.8630142211914	3	1	2	3	1	4.83333349227905	1.45454549789429	1	0	1	1	4
1	1.66999995708466	1.70000004768372	0	37.663013458252	4	2	1	5	5	4.83333349227905	1.09090912342072	1	0	1	1	4
1	3	1.73000001907349	0	45.4986305236816	4	2	1	5	3	4.5	1.63636362552643	1	1	1	1	4
1	1.66999995708466	1.63999998569489	1	40.6821899414063	4	2	1	4	5	4.66666650772095	1.27272725105286	2	1	1	1	4
1	1.66999995708466	2.54999995231628	0	47.4109573364258	1	2	1	3	4	5	1.09090912342072	2	1	1	1	4
1	3.67000007629395	1.9099999666214	1	40.120548248291	3	2	1	5	5	2.5	3	1	0	1	0	2
0	4.67000007629395	2.45000004768372	0	45.3260269165039	2	2	1	4	5	3.33333325386047	1.63636362552643	2	0	2	0	2
0	1	2.73000001907349	0	45.9452056884766	5	2	1	5	5	3.33333325386047	1.27272725105286	2	0	2	0	2
0	1.66999995708466	1	1	29.2958908081055	2	4	1	2	4	3.5	1.18181812763214	2	0	2	0	3
0	2.32999992370605	1.17999994754791	1	60.0575332641602	2	2	1	3	4	3.66666674613953	1.90909087657928	1	0	2	0	3
1	2	2	0	20.8575344085693	1	1	1	3	1	2.16666674613953	1.18181812763214	2	0	1	0	1
1	2.32999992370605	2.45000004768372	1	49.6273956298828	6	2	1	2	5	3.5	2.63636374473572	1	1	1	0	3
0	1.33000004291534	2.1800000667572	1	20.0383567810059	7	1	1	1	3	3.83333325386047	1.72727274894714	2	0	2	0	3
0	4.32999992370605	2.45000004768372	1	44.9068489074707	2	4	1	3	2	5	1.90909087657928	1	0	2	1	4
1	2.32999992370605	1.17999994754791	1	32.4273986816406	3	2	1	3	3	4.5	2.09090900421143	1	1	1	1	4
0	3.32999992370605	1.36000001430511	0	30.9205474853516	3	1	1	4	1	3.16666674613953	1.63636362552643	1	0	2	0	2
1	2.67000007629395	1.82000005245209	0	52.9068489074707	1	2	1	4	4	4.83333349227905	2	2	0	1	1	4
1	3.67000007629395	1.73000001907349	0	32.4383544921875	2	2	1	2	3	4.5	1.45454549789429	2	1	1	1	4
1	5	2.45000004768372	1	43.7452049255371	3	4	1	4	2	4.66666650772095	1.36363637447357	2	1	1	1	4
1	3	2.29999995231628	1	54.7397270202637	6	4	1	2	1	4.5	2.81818175315857	1	1	1	1	4
1	3.32999992370605	2.73000001907349	0	32.8821907043457	4	4	1	4	3	4.66666650772095	1.36363637447357	2	1	1	1	4
0	3.32999992370605	2.45000004768372	1	39.8767127990723	7	1	2	3	3	2.5	1.63636362552643	1	0	2	0	2
1	3.67000007629395	1.9099999666214	0	42.5041084289551	5	2	1	3	5	4.5	1.18181812763214	1	1	1	1	4
1	3.67000007629395	1.9099999666214	0	43.638355255127	2	2	1	5	3	3.5	2	1	1	1	0	3
1	3.32999992370605	1.73000001907349	0	26.904109954834	7	1	1	4	1	4.5	1	1	1	1	1	4
1	2.32999992370605	1.36000001430511	1	40.4931488037109	3	2	1	2	5	3.66666674613953	1.09090912342072	1	0	1	0	3
1	5	2.91000008583069	0	33.758903503418	4	1	1	2	3	4	3.54545450210571	1	1	1	1	3
1	2	1.73000001907349	1	47.241096496582	3	1	1	2	2	4	1	2	1	1	1	3
0	1.66999995708466	2	1	43.4191780090332	2	4	1	2	4	3.83333325386047	2.81818175315857	1	0	2	0	3
1	3.67000007629395	1.54999995231628	1	24.7041091918945	3	1	1	4	3	4	1.27272725105286	2	0	1	1	3
1	2.32999992370605	2	0	42.1260261535645	6	2	1	3	3	4	1.09090912342072	1	1	1	1	3
1	2.67000007629395	2.35999989509583	0	28.5205478668213	2	1	1	5	3	2.66666674613953	2.54545450210571	1	1	1	0	2
0	3.67000007629395	2.91000008583069	1	24.0657539367676	7	2	1	1	1	3	1.63636362552643	1	0	2	0	2
1	3.32999992370605	2.08999991416931	0	51.1315078735352	6	5	1	2	1	3.5	2.90909099578857	1	1	1	0	3
1	3.32999992370605	1.0900000333786	0	24.7616443634033	6	1	1	1	2	3.66666674613953	1.81818187236786	2	1	1	0	3
0	5	2.17000007629395	0	55.6849327087402	2	2	1	3	5	5	1	2	0	2	1	4
0	3	1.0900000333786	0	30.024658203125	1	2	1	3	5	3.66666674613953	1.18181812763214	1	0	2	0	3
1	2.67000007629395	1.63999998569489	0	49.6849327087402	6	2	1	2	2	5	1.90909087657928	1	1	1	1	4
1	4.32999992370605	3	1	23.9095897674561	6	1	1	1	1	2.5	2.72727274894714	1	0	1	0	2
1	3.67000007629395	2.35999989509583	0	47.4602737426758	6	4	1	3	2	4.33333349227905	3.90909099578857	1	0	1	1	3
0	4	2.54999995231628	0	28.4547939300537	1	1	1	3	1	3.5	2.09090900421143	2	0	2	0	3
0	2.32999992370605	2.64000010490418	1	39.2739715576172	2	2	1	4	5	1.66666662693024	3.27272725105286	1	0	2	0	1
1	3	1.9099999666214	1	25.8356170654297	3	1	1	1	5	3.5	1.72727274894714	2	0	1	0	3
1	2.32999992370605	1.36000001430511	1	50.0520553588867	6	4	1	2	2	4	1	1	1	1	1	3
1	5	2.26999998092651	1	47.4739723205566	3	4	2	3	3	4.33333349227905	2.45454549789429	1	0	1	1	3
1	3.67000007629395	2.8199999332428	0	50.8712310791016	5	4	1	3	1	3.5	2.18181824684143	1	1	1	0	3
0	4.32999992370605	1.82000005245209	1	44.2000007629395	3	4	1	2	3	4.83333349227905	2	1	0	2	1	4
0	4.32999992370605	1.73000001907349	0	45.095890045166	3	2	1	3	5	5	1.39999997615814	2	0	2	1	4
1	3	2.08999991416931	0	25.1260280609131	3	1	1	3	3	2.16666674613953	1.18181812763214	1	1	1	0	1
1	4	2.54999995231628	0	40.758903503418	1	4	1	3	2	4.5	2.09090900421143	1	1	1	1	4
1	2.32999992370605	2.54999995231628	1	25.7068500518799	1	1	1	4	2	4.16666650772095	2.27272725105286	1	0	1	1	3
0	3	2.26999998092651	0	30.3671226501465	5	1	1	2	2	3.16666674613953	2.63636374473572	1	0	2	0	2
0	3	2.1800000667572	1	27.241096496582	1	2	2	5	5	3.66666674613953	1.09090912342072	2	0	2	0	3
1	2.32999992370605	1.79999995231628	0	35.9780807495117	6	2	1	3	4	4.33333349227905	1.09090912342072	2	0	1	1	3
1	1.33000004291534	1.63999998569489	1	31.8246574401856	5	2	1	2	5	4.33333349227905	1.54545450210571	1	1	1	1	3
1	4	2.35999989509583	0	34.167121887207	6	2	1	1	4	3.5	2.27272725105286	2	0	1	0	3
1	4	2.8199999332428	1	39.3753433227539	2	2	1	3	4	3.66666674613953	1.90909087657928	1	1	1	0	3
1	2.67000007629395	1.26999998092651	1	32.2794532775879	6	1	1	2	2	1.16666662693024	2	2	0	1	0	1
1	3.32999992370605	2.08999991416931	1	42.3561630249024	3	1	1	3	2	5	1.72727274894714	2	1	1	1	4
0	3.67000007629395	2.26999998092651	0	29.8821926116943	3	1	1	2	2	4.16666650772095	3.09090900421143	1	0	2	1	3
1	3.32999992370605	1.26999998092651	0	50.5862998962402	4	4	1	5	4	4.16666650772095	1.45454549789429	1	1	1	1	3
0	2.67000007629395	1.73000001907349	1	40.4849319458008	6	1	2	2	3	4.66666650772095	2.27272725105286	1	0	2	1	4
1	1	1.26999998092651	1	32.879451751709	6	2	2	3	5	2.83333325386047	1.54545450210571	2	0	1	0	2
0	3	1.17999994754791	1	38.8876724243164	6	4	1	3	1	4.5	1.36363637447357	1	0	2	1	4
1	3.32999992370605	2.64000010490418	1	23.6767120361328	2	1	1	4	2	4.5	2.09090900421143	1	1	1	1	4
0	4.67000007629395	1.70000004768372	1	35.1123275756836	2	4	1	2	1	4	1.27272725105286	2	0	2	1	3
0	2.67000007629395	1.45000004768372	1	36.5095901489258	1	4	1	5	5	5	1.27272725105286	1	0	2	1	4
1	2	1	1	35.9342460632324	3	1	1	2	1	3.83333325386047	1.27272725105286	1	1	1	0	3
1	3.67000007629395	1.36000001430511	0	38.6849327087402	1	1	1	4	1	4.16666650772095	1.09090912342072	1	0	1	1	3
0	1.66999995708466	1.63999998569489	0	23.6712322235107	1	1	1	4	5	3.16666674613953	1.63636362552643	2	0	2	0	2
1	3	1.9099999666214	1	25.0520553588867	3	2	1	3	1	4.33333349227905	1.18181812763214	1	1	1	1	3
1	1.66999995708466	1.45000004768372	1	18.3205471038818	3	1	1	2	1	5	1.90909087657928	2	0	1	1	4
1	4.67000007629395	1.36000001430511	1	37.9068489074707	2	4	2	3	1	4.83333349227905	1	1	0	1	1	4
1	2.67000007629395	1.17999994754791	1	27.2301368713379	7	1	1	4	1	4.16666650772095	1.90909087657928	1	1	1	1	3
0	1.33000004291534	1.0900000333786	1	34.9342460632324	7	2	1	1	2	3	1.90909087657928	1	0	2	0	2
1	2	1.26999998092651	0	18.904109954834	6	1	1	2	1	3.83333325386047	1.18181812763214	2	0	1	0	3
0	3.32999992370605	2.1800000667572	0	41.3041114807129	7	4	1	3	2	4	2.54545450210571	1	0	2	1	3
0	2.67000007629395	1.82000005245209	1	21.7452049255371	2	1	2	3	2	4.5	1.18181812763214	2	0	2	1	4
0	2.67000007629395	2.73000001907349	1	33.8904113769531	7	1	2	2	1	2.33333325386047	2.63636374473572	1	0	2	0	1
1	3.67000007629395	1.73000001907349	0	60.7287673950195	1	2	1	5	3	4	1.63636362552643	2	0	1	1	3
1	4	2.91000008583069	0	24.9123287200928	4	1	1	4	4	4	2.36363625526428	1	1	1	1	3
1	2.67000007629395	1.26999998092651	0	23.8931503295898	5	1	2	3	3	4.66666650772095	1.36363637447357	1	0	1	1	4
1	2	1.45000004768372	1	22.1726036071777	4	1	1	3	5	4	1.18181812763214	2	1	1	1	3
1	3.67000007629395	1.63999998569489	0	41.9095878601074	2	2	1	5	4	5	1.27272725105286	1	1	1	1	4
0	3.32999992370605	1.9099999666214	1	48.6712341308594	1	1	1	4	4	5	1	1	0	2	1	4
0	1.33000004291534	1.36000001430511	0	25.4849319458008	1	1	1	3	2	3.5	1.36363637447357	2	0	2	0	3
0	2.67000007629395	1.0900000333786	1	30.7452049255371	2	2	1	5	3	4.83333349227905	1.36363637447357	1	0	2	1	4
1	3	2.64000010490418	0	45.9260292053223	1	4	1	3	3	4.83333349227905	2.81818175315857	1	0	1	1	4
0	3.67000007629395	2.26999998092651	1	52.0547943115234	1	2	1	4	5	3.66666674613953	2.27272725105286	1	0	2	0	3
1	3.32999992370605	1.63999998569489	1	59.3753433227539	3	4	1	1	1	2.16666674613953	1.72727274894714	1	0	1	0	1
1	4	1.9099999666214	0	48.95068359375	2	2	2	5	5	4.66666650772095	2.09090900421143	1	1	1	1	4
1	2	2	1	58.6465759277344	3	2	1	2	3	4.16666650772095	1.45454549789429	1	1	1	1	3
0	2.67000007629395	2.40000009536743	0	58.1863021850586	1	2	1	5	5	4.83333349227905	1.72727274894714	1	0	2	1	4
1	2	1.17999994754791	1	18.6767120361328	3	1	1	1	1	3	1	1	0	1	0	2
1	5	2.26999998092651	1	44.879451751709	3	1	2	3	1	3.83333325386047	2.09090900421143	1	1	1	0	3
0	4	1.54999995231628	1	24.4027404785156	7	1	1	2	1	4	1.27272725105286	1	0	2	1	3
1	2.67000007629395	2.26999998092651	1	44.7013702392578	3	4	1	2	3	5	1.45454549789429	2	0	1	1	4
0	1.66999995708466	1.26999998092651	1	46.4000015258789	3	2	1	2	4	4	1	1	0	2	1	3
0	2.67000007629395	1.82000005245209	0	33.2493133544922	2	1	1	2	3	4	1.36363637447357	1	0	2	1	3
0	4	2.45000004768372	1	30.120548248291	2	2	2	3	4	4.16666650772095	2.36363625526428	2	0	2	1	3
0	3	1	1	53.0821914672852	3	2	1	5	4	3	1.09090912342072	1	0	2	0	2
1	2.67000007629395	2.35999989509583	0	39.1068496704102	7	2	1	3	3	3.5	1.54545450210571	2	1	1	0	3
1	2.67000007629395	2.5	1	70.0027389526367	3	5	1	2	2	3.66666674613953	2	1	1	1	0	3
0	3.67000007629395	2.90000009536743	1	39.1013717651367	1	4	1	3	2	4	2.36363625526428	2	0	2	1	3
0	3.67000007629395	2.35999989509583	1	33.4602737426758	3	2	2	3	3	4.66666650772095	2.09090900421143	1	0	2	1	4
1	3.67000007629395	2.64000010490418	0	46.6602745056152	5	2	1	3	5	3.33333325386047	1.63636362552643	1	1	1	0	2
1	5	2.08999991416931	0	31.8602733612061	3	2	2	3	1	4.33333349227905	2.72727274894714	1	0	1	1	3
1	1.66999995708466	1	1	21.6328773498535	2	1	1	3	1	5	1	2	0	1	1	4
0	3.67000007629395	1.54999995231628	0	25.2219181060791	7	2	1	2	1	3.33333325386047	2.09090900421143	2	0	2	0	2
1	2	2	0	49.4739723205566	2	2	1	3	4	2.83333325386047	1.81818187236786	1	1	1	0	2
1	3.32999992370605	2.26999998092651	1	25.3479442596436	1	1	1	4	2	4	1.81818187236786	2	1	1	1	3
1	4	2.08999991416931	0	32.5862998962402	1	2	1	2	4	4.16666650772095	1.36363637447357	2	1	1	1	3
1	2.32999992370605	1.36000001430511	0	37.8465766906738	6	3	1	3	5	5	1.54545450210571	2	1	1	1	4
1	3.32999992370605	2.1800000667572	0	26.6712322235107	5	1	1	2	5	2	1.27272725105286	2	1	1	0	1
1	3.32999992370605	2.26999998092651	0	41.3589057922363	1	2	1	4	3	4	2.18181824684143	2	1	1	1	3
1	4.32999992370605	2.08999991416931	0	33.9205474853516	1	2	1	3	3	5	1.45454549789429	2	1	1	1	4
1	3.32999992370605	2.1800000667572	1	30.3917808532715	6	4	1	3	1	5	1.81818187236786	2	0	1	1	4
0	4.32999992370605	1.36000001430511	1	39.6657524108887	2	4	1	2	2	4.83333349227905	1	1	0	2	1	4
1	4	2.8199999332428	0	28.3424663543701	4	2	1	3	4	3.83333325386047	2.81818175315857	1	1	1	0	3
1	2	1.36000001430511	1	50.3863029479981	3	2	1	2	5	4.66666650772095	1.18181812763214	1	1	1	1	4
0	2.32999992370605	1.0900000333786	1	25.0821914672852	3	4	1	3	5	3.33333325386047	1.27272725105286	2	0	2	0	2
1	4.67000007629395	2	0	20.7561645507813	7	1	1	2	3	5	1	1	1	1	1	4
0	3.32999992370605	2.70000004768372	1	46.3232879638672	2	4	1	2	2	4.16666650772095	3.18181824684143	2	0	2	1	3
1	1.33000004291534	1.66999995708466	1	39.9589042663574	3	2	1	3	5	4.16666650772095	1.45454549789429	1	1	1	1	3
1	2.32999992370605	2.1800000667572	1	32.9863014221191	2	1	1	5	5	3.33333325386047	2.72727274894714	1	1	1	0	2
0	2.67000007629395	2.45000004768372	0	29.3041095733643	5	2	1	3	3	3.66666674613953	1.90909087657928	1	0	2	0	3
1	3.67000007629395	2.1800000667572	1	33.4383544921875	3	1	1	2	2	4.5	1.81818187236786	1	1	1	1	4
1	2.32999992370605	1.17999994754791	1	33.8712310791016	2	1	2	4	3	5	1.18181812763214	1	0	1	1	4
1	2.32999992370605	1	0	46.0109596252441	2	2	1	2	3	4	1.09090912342072	1	1	1	1	3
0	3.32999992370605	2	0	36.2904090881348	7	2	1	2	4	3.5	2.18181824684143	1	0	2	0	3
1	3.32999992370605	2	0	61.2767105102539	4	2	1	5	3	3.83333325386047	2.54545450210571	1	1	1	0	3
1	3	1.26999998092651	0	44.7753410339355	3	2	1	2	4	4.66666650772095	1.45454549789429	1	1	1	1	4
1	3.32999992370605	1.0900000333786	0	57.1123275756836	1	2	1	5	3	4.33333349227905	2.18181824684143	1	1	1	1	3
1	3.32999992370605	2.45000004768372	1	27.6767120361328	2	1	1	2	2	4.16666650772095	1.09090912342072	2	1	1	1	3
1	2	2.8199999332428	0	44.4904098510742	1	1	1	3	3	4.16666650772095	1.81818187236786	1	1	1	1	3
0	3.32999992370605	2.45000004768372	0	52.1342468261719	2	2	1	4	4	5	1.09090912342072	2	0	2	1	4
0	1	1	1	26.9616432189941	3	4	1	3	2	4.5	1.36363637447357	1	0	2	1	4
1	3	1.82000005245209	0	41.1041107177734	2	1	1	4	3	4.83333349227905	1.90909087657928	1	0	1	1	4
0	2.67000007629395	2.8199999332428	0	26.2547950744629	4	1	1	5	5	2.66666674613953	2.18181824684143	2	0	2	0	2
1	2.67000007629395	2.8199999332428	1	32.1095886230469	1	2	1	5	3	3.66666674613953	4.18181800842285	2	1	1	0	3
1	4	2.8199999332428	1	44.613697052002	5	2	2	3	3	4.83333349227905	2.54545450210571	1	0	1	1	4
0	3.32999992370605	2.35999989509583	0	33.2575340270996	2	3	1	2	2	3.16666674613953	2.63636374473572	1	0	2	0	2
1	4.32999992370605	1.63999998569489	1	42.9013710021973	2	4	1	3	1	5	1.54545450210571	1	0	1	1	4
1	2.32999992370605	1.83000004291534	0	63.0219192504883	5	2	1	3	5	4.5	2	1	1	1	1	4
0	4.67000007629395	2.45000004768372	0	33.4000015258789	7	4	1	3	1	3.5	2	2	0	2	0	3
0	4.67000007629395	2.45000004768372	1	28.7808227539063	7	1	2	3	1	3.66666674613953	2.90909099578857	1	0	2	0	3
1	3.32999992370605	1	0	29.7342472076416	5	2	1	2	3	4.33333349227905	3.27272725105286	1	1	1	1	3
0	2.67000007629395	1.54999995231628	1	43.736988067627	2	4	1	3	3	4	1.45454549789429	2	0	2	1	3
1	3.32999992370605	1.45000004768372	0	29.1095886230469	4	2	1	4	3	4	1.36363637447357	1	0	1	1	3
0	3	2.45000004768372	0	36.4301376342773	5	2	1	2	4	4	2.72727274894714	2	0	2	1	3
1	3.32999992370605	1.73000001907349	0	25.3726024627686	7	1	1	3	1	4.33333349227905	1.54545450210571	1	0	1	1	3
1	2	1.0900000333786	0	44.6328773498535	6	2	2	3	5	3.16666674613953	1.36363637447357	2	0	1	0	2
1	3.67000007629395	2.35999989509583	1	34.8739738464356	6	4	1	3	2	4	2.27272725105286	2	0	1	1	3
1	1.33000004291534	1.73000001907349	1	36.9835624694824	3	2	1	2	5	3	1	1	0	1	0	2
1	3	2	0	41.4191780090332	1	1	1	5	5	3.16666674613953	2.27272725105286	2	1	1	0	2
1	2.32999992370605	2.1800000667572	0	25.8849315643311	1	1	1	4	3	4.66666650772095	1.81818187236786	1	1	1	1	4
1	3.32999992370605	2.35999989509583	1	30.9424648284912	1	1	1	3	2	3	2.63636374473572	1	0	1	0	2
1	4	2.8199999332428	1	36.6356163024902	2	1	2	2	2	4.5	1.27272725105286	1	1	1	1	4
0	3	2.35999989509583	1	60.4575347900391	3	2	1	3	3	3.16666674613953	2.09090900421143	1	0	2	0	2
1	2.32999992370605	2	0	37.0986289978027	1	2	1	3	5	4	1.36363637447357	2	0	1	1	3
0	2	1.17999994754791	1	31.6000003814697	1	1	1	4	2	4.66666650772095	1.09090912342072	1	0	2	1	4
1	3	1.63999998569489	1	23.0602741241455	3	1	2	3	1	4.66666650772095	1	1	1	1	1	4
1	1	1.45000004768372	1	35.3041114807129	3	2	1	5	5	4	1.45454549789429	1	1	1	1	3
0	4.67000007629395	2.08999991416931	0	30.9260272979736	5	1	1	2	2	3.66666674613953	1.45454549789429	1	0	2	0	3
1	2.67000007629395	1.45000004768372	0	24.1150684356689	7	1	2	2	3	3.83333325386047	1.09090912342072	2	1	1	0	3
0	3	2.73000001907349	1	20.5315074920654	4	1	1	3	2	4	1	1	0	2	1	3
1	3.67000007629395	2.26999998092651	0	41.6465759277344	5	4	1	4	1	3	2.09090900421143	1	1	1	0	2
1	1.33000004291534	2.1800000667572	1	40.6849327087402	3	2	1	4	5	4.83333349227905	1.45454549789429	1	1	1	1	4
1	3.67000007629395	2.64000010490418	0	54.8602752685547	6	2	1	1	2	4.5	1.63636362552643	1	1	1	1	4
1	2.32999992370605	2.64000010490418	1	27.0520553588867	2	1	1	4	2	4	1.90909087657928	2	1	1	1	3
1	2.67000007629395	1	0	49.1178092956543	1	2	1	5	3	4.66666650772095	1.18181812763214	1	1	1	1	4
1	3.32999992370605	1.73000001907349	1	44.3397254943848	4	2	1	2	5	4.16666650772095	1.09090912342072	2	1	1	1	3
0	2.67000007629395	2.45000004768372	1	35.7260284423828	3	2	1	3	5	3.83333325386047	1.81818187236786	1	0	2	0	3
0	2.67000007629395	1.63999998569489	0	46.7945213317871	2	1	1	3	3	5	1	2	0	2	1	4
0	4.67000007629395	2.73000001907349	0	31.3506851196289	2	3	2	5	4	5	3.20000004768372	1	0	2	1	4
1	5	2.1800000667572	1	39.4438362121582	7	2	2	3	2	4	2.54545450210571	1	1	1	1	3
1	3.32999992370605	1.0900000333786	0	37.5835609436035	2	2	1	2	5	4	1.18181812763214	1	0	1	1	3
1	4	1.36000001430511	0	32.4246559143066	2	2	2	3	4	4.5	1	2	0	1	1	4
0	3.67000007629395	1.26999998092651	0	27.9972610473633	3	2	2	3	4	4	1	1	0	2	1	3
1	3	1.9099999666214	0	23.1698627471924	7	1	2	2	3	4	1.63636362552643	1	1	1	1	3
1	3.67000007629395	2.1800000667572	0	30.5616436004639	1	1	1	4	1	5	1.09090912342072	1	1	1	1	4
1	3.67000007629395	1.82000005245209	0	39.8191795349121	3	1	1	3	1	4.5	1.81818187236786	1	1	1	1	4
1	4	1.9099999666214	0	43.613697052002	2	2	1	3	5	4	1.63636362552643	1	1	1	1	3
1	3	1.26999998092651	0	52.3780822753906	2	3	1	4	5	3.66666674613953	1.63636362552643	1	1	1	0	3
0	2.32999992370605	2.26999998092651	0	30.4712333679199	5	1	1	1	2	3.5	1.54545450210571	2	0	2	0	3
0	3.67000007629395	2.8199999332428	1	24.3452053070068	3	2	1	2	2	3	2.45454549789429	1	0	2	0	2
1	4.67000007629395	2.26999998092651	0	31.6575336456299	3	1	2	4	3	4.83333349227905	1.36363637447357	1	1	1	1	4
1	2.67000007629395	1.26999998092651	0	38.9178085327148	5	2	1	3	3	4.33333349227905	1.09090912342072	1	1	1	1	3
1	5	2.73000001907349	0	46.7780838012695	1	2	1	3	5	4.33333349227905	2	1	1	1	1	3
1	2	1.26999998092651	1	40.3835601806641	7	2	1	2	3	3.83333325386047	2.27272725105286	1	0	1	0	3
0	1	1.26999998092651	1	49.8027381896973	2	2	1	5	5	4.33333349227905	1.09090912342072	1	0	2	1	3
1	2	2.54999995231628	0	44.2109603881836	1	2	1	3	4	4.5	1.90909087657928	2	1	1	1	4
1	4.67000007629395	1.54999995231628	1	61.5643844604492	1	5	2	5	4	4.83333349227905	1.27272725105286	1	1	1	1	4
0	3.32999992370605	1.0900000333786	0	34.3698616027832	6	4	1	3	1	4.66666650772095	1.45454549789429	2	0	2	1	4
1	2.32999992370605	1.63999998569489	1	19.2082195281982	7	1	1	3	1	2.5	1.18181812763214	2	0	1	0	2
0	4.32999992370605	2.32999992370605	1	33.879451751709	5	2	1	3	5	4.16666650772095	2.18181824684143	1	0	2	1	3
0	3.32999992370605	2.08999991416931	0	45.2630119323731	6	1	1	3	1	3.33333325386047	2.54545450210571	1	0	2	0	2
1	2.67000007629395	2	0	29.8493156433106	3	2	1	3	3	5	2.09090900421143	2	0	1	1	4
1	5	2.1800000667572	0	36.9671249389648	4	4	1	3	3	4.5	1	2	1	1	1	4
0	2	2.45000004768372	1	58.0219192504883	3	5	1	2	4	4.16666650772095	2.45454549789429	1	0	2	1	3
1	2.67000007629395	2.54999995231628	1	50.3808212280273	3	2	1	2	5	3.33333325386047	2.36363625526428	1	1	1	0	2
1	1.33000004291534	1	1	44.5178070068359	1	2	1	4	5	5	1.09090912342072	2	0	1	1	4
1	1.33000004291534	2.20000004768372	1	24.4301376342773	4	1	1	4	1	2.16666674613953	1.72727274894714	2	0	1	0	1
1	1.33000004291534	2.91000008583069	1	17.4876708984375	7	1	1	1	3	2.83333325386047	2.90909099578857	1	0	1	0	2
0	4	2.45000004768372	0	44.9643821716309	6	2	1	2	2	4.16666650772095	1.81818187236786	2	0	2	1	3
1	3.32999992370605	1.63999998569489	1	29.7999992370606	3	1	1	4	2	4	1.45454549789429	1	1	1	1	3
1	3	1.36000001430511	1	18.6794528961182	3	1	1	1	2	5	1.27272725105286	2	1	1	1	4
1	2.67000007629395	1.45000004768372	0	35.5452041625977	1	1	1	3	4	4.83333349227905	1.27272725105286	2	0	1	1	4
1	2.67000007629395	1.0900000333786	1	28.23561668396	2	1	1	2	2	4.83333349227905	1	1	0	1	1	4
1	4	2.64000010490418	1	28.9835624694824	6	4	1	2	1	3	3.36363625526428	1	0	1	0	2
1	1.66999995708466	1.73000001907349	1	34.6027412414551	4	2	1	3	5	4	1.09090912342072	1	1	1	1	3
1	1.66999995708466	1.73000001907349	0	24.0821914672852	7	1	1	2	2	3	1.27272725105286	2	1	1	0	2
1	3.67000007629395	2	1	32.7013702392578	3	2	1	3	5	3	1.72727274894714	1	0	1	0	2
1	4.67000007629395	2.08999991416931	1	28.1232872009277	6	2	1	2	3	4.83333349227905	2.18181824684143	1	0	1	1	4
1	5	2.26999998092651	1	57.6465759277344	6	2	1	1	2	2.33333325386047	2.90909099578857	1	0	1	0	1
1	1.66999995708466	1.45000004768372	0	39.9397277832031	1	2	1	5	3	3.83333325386047	2.45454549789429	1	0	1	0	3
0	2.32999992370605	2.64000010490418	1	45.5506858825684	7	4	1	3	1	3	1.36363637447357	1	0	2	0	2
1	3.32999992370605	2.35999989509583	0	39.9095878601074	1	4	1	3	3	4.33333349227905	2.09090900421143	2	1	1	1	3
1	3	2.20000004768372	0	30.0767116546631	7	1	2	3	1	5	1.81818187236786	1	1	1	1	4
0	4.67000007629395	2.08999991416931	1	36.9479446411133	3	2	1	3	4	3.66666674613953	4.90909099578857	1	0	2	0	3
1	3.67000007629395	2.45000004768372	0	30.1041088104248	6	1	1	1	2	3.16666674613953	2.18181824684143	1	0	1	0	2
1	3	1.73000001907349	1	55.8191795349121	1	2	1	5	4	4.83333349227905	1.18181812763214	2	1	1	1	4
1	3	2.64000010490418	0	44.3342475891113	3	4	1	4	3	4	2.27272725105286	1	1	1	1	3
0	3.32999992370605	2.64000010490418	0	39.1726036071777	1	1	1	5	2	4.83333349227905	2.18181824684143	2	0	2	1	4
1	4.32999992370605	2.32999992370605	1	26.8246574401856	7	1	2	1	1	3.16666674613953	4.27272748947144	1	1	1	0	2
1	3.67000007629395	2.08999991416931	1	40.9917793273926	1	1	1	5	2	4.66666650772095	2.27272725105286	1	1	1	1	4
0	3.67000007629395	2.54999995231628	0	24.0821914672852	7	2	1	2	1	4.33333349227905	1.45454549789429	1	0	2	1	3
1	2.67000007629395	1.9099999666214	1	35.6958885192871	3	2	1	2	3	3.16666674613953	1.54545450210571	1	1	1	0	2
1	4	3	0	40.5452041625977	5	1	1	3	1	4	1.81818187236786	1	1	1	1	3
1	3.32999992370605	1.73000001907349	1	37.3452072143555	3	2	1	3	3	4.33333349227905	1.45454549789429	2	0	1	1	3
0	3.67000007629395	2.1800000667572	1	20.663013458252	7	1	2	3	1	3.66666674613953	2	1	0	2	0	3
1	2.32999992370605	2.09999990463257	1	22.9972610473633	3	4	1	3	2	4.83333349227905	1.18181812763214	2	0	1	1	4
1	4	1.0900000333786	1	37.5534248352051	3	2	1	3	4	4.83333349227905	1.27272725105286	1	1	1	1	4
0	5	1.54999995231628	0	31.6657543182373	5	1	1	1	2	2.66666674613953	1	1	0	2	0	2
1	4.32999992370605	2.59999990463257	1	29.7917804718018	3	2	1	5	3	5	2.18181824684143	1	1	1	1	4
0	4.67000007629395	1.79999995231628	1	39.8958892822266	7	4	1	1	1	2.33333325386047	1.36363637447357	1	0	2	0	1
0	3.32999992370605	2.1800000667572	0	37.0027389526367	2	1	2	2	1	4.16666650772095	3.63636374473572	2	0	2	1	3
1	4	1.39999997615814	1	39.9835624694824	3	2	1	2	3	3.83333325386047	1.36363637447357	1	1	1	0	3
1	3.32999992370605	1.39999997615814	0	30.9342460632324	1	2	2	5	2	3.66666674613953	2.27272725105286	1	0	1	0	3
1	1.33000004291534	1.0900000333786	0	27.2301368713379	1	2	1	3	2	5	1.18181812763214	2	0	1	1	4
1	1.66999995708466	1.17999994754791	1	22.9342460632324	4	1	2	3	5	4	1	1	0	1	1	3
1	4.67000007629395	1.63999998569489	0	33.7178077697754	7	1	1	3	4	2.66666674613953	1.09090912342072	1	0	1	0	2
1	4.32999992370605	2.73000001907349	1	33.3835601806641	7	4	1	3	5	4.5	1.72727274894714	2	1	1	1	4
1	4	1.17999994754791	1	23.0493144989014	5	1	2	3	3	2	1.54545450210571	2	0	1	0	1
1	2.32999992370605	2.26999998092651	1	37.8109588623047	3	1	1	4	3	3.83333325386047	1.70000004768372	1	0	1	0	3
1	5	1.73000001907349	1	26.452054977417	7	1	1	4	2	4.16666650772095	1.27272725105286	1	1	1	1	3
1	5	1.63999998569489	0	41.4657516479492	7	4	2	2	1	3.5	2.72727274894714	1	1	1	0	3
0	2	2.26999998092651	1	34.169864654541	1	2	1	5	5	3.66666674613953	1.27272725105286	1	0	2	0	3
0	2	1.17999994754791	1	42.4082183837891	3	2	1	2	5	3	1.45454549789429	1	0	2	0	2
0	1.33000004291534	2.73000001907349	0	27.3917808532715	7	2	2	1	1	3.83333325386047	1.18181812763214	2	0	2	0	3
0	1.66999995708466	1.17999994754791	1	31.8246574401856	1	2	1	2	4	3.83333325386047	1.36363637447357	1	0	2	0	3
0	3.32999992370605	2.08999991416931	0	32.4219169616699	1	1	1	3	3	4.16666650772095	1.81818187236786	1	0	2	1	3
0	3.67000007629395	2.73000001907349	1	34.3589057922363	1	2	1	2	3	4.33333349227905	1.45454549789429	2	0	2	1	3
1	2.67000007629395	2.64000010490418	0	37.9589042663574	1	2	1	3	2	3.5	2.27272725105286	2	1	1	0	3
1	2	1.26999998092651	0	40.7616424560547	2	2	1	5	5	4.5	1.90909087657928	1	1	1	1	4
1	3.67000007629395	2.73000001907349	1	36.8493156433106	1	2	1	2	4	4	1.09090912342072	2	1	1	1	3
1	4	1.54999995231628	1	44.3589057922363	3	4	2	3	2	5	1.36363637447357	2	1	1	1	4
1	3.67000007629395	1.26999998092651	1	53.687671661377	2	4	1	3	3	5	1.45454549789429	2	1	1	1	4
1	2.32999992370605	2.64000010490418	1	35.3424644470215	5	2	1	3	5	3.83333325386047	1.63636362552643	2	1	1	0	3
1	2	1.0900000333786	0	53.8410949707031	5	2	1	2	4	5	1	1	0	1	1	4
1	3.32999992370605	1.54999995231628	1	31.9835624694824	3	2	2	3	3	3.16666674613953	2.63636374473572	1	0	1	0	2
1	3.67000007629395	2.64000010490418	0	33.3041114807129	6	4	1	2	2	4	1.09090912342072	2	1	1	1	3
1	4	2.64000010490418	1	46.4520530700684	5	2	2	2	5	3.33333325386047	2.18181824684143	1	1	1	0	2
1	3.67000007629395	1.45000004768372	1	35.7506866455078	4	5	1	3	2	4	3.09090900421143	1	0	1	1	3
0	3.32999992370605	1.63999998569489	0	32.5999984741211	1	2	2	5	2	3.66666674613953	2.09090900421143	1	0	2	0	3
1	4.67000007629395	2.35999989509583	1	48.0109596252441	7	4	1	3	1	2.66666674613953	3.54545450210571	1	1	1	0	2
1	2	1.54999995231628	0	38.5232887268066	3	2	2	3	4	3.83333325386047	1.45454549789429	2	1	1	0	3
1	3	2.1800000667572	1	29.2493152618408	1	2	1	4	5	4.66666650772095	2.54545450210571	1	1	1	1	4
0	3.32999992370605	2.54999995231628	1	69.2027435302734	3	2	1	2	2	4.16666650772095	2.63636374473572	1	0	2	1	3
1	2.67000007629395	2.64000010490418	1	37.9835624694824	5	1	1	2	2	3.5	2.36363625526428	1	1	1	0	3
1	2.67000007629395	2.54999995231628	0	45.1808204650879	1	2	1	3	4	4.66666650772095	1.09090912342072	2	1	1	1	4
1	4	1.73000001907349	0	26.8904113769531	2	1	2	2	2	5	1.45454549789429	1	0	1	1	4
1	3.67000007629395	1.17999994754791	0	37.4383544921875	6	1	2	3	1	4.16666650772095	1	1	1	1	1	3
0	2	2.54999995231628	0	28.6821918487549	2	2	1	4	5	3.5	2.54545450210571	1	0	2	0	3
0	3	1.36000001430511	1	38.830135345459	4	2	2	5	3	3.33333325386047	1.27272725105286	1	0	2	0	2
1	3.32999992370605	2.35999989509583	0	24.210958480835	5	1	1	3	1	3.16666674613953	2.63636374473572	1	1	1	0	2
1	4	1.54999995231628	0	41.7506866455078	5	4	1	3	2	4.5	2	1	0	1	1	4
1	1.66999995708466	1.54999995231628	1	56.9972610473633	2	2	1	2	5	4.66666650772095	1.36363637447357	1	1	1	1	4
0	4.32999992370605	2.45000004768372	1	34.5068511962891	3	2	1	5	5	3.83333325386047	1.36363637447357	1	0	2	0	3
1	3.32999992370605	1.17999994754791	0	54.3835601806641	2	2	1	3	5	4	1.27272725105286	1	1	1	1	3
1	2.32999992370605	1.89999997615814	1	49.3863029479981	7	4	1	3	2	5	2	2	0	1	1	4
1	4.67000007629395	2.08999991416931	1	53.0301361083984	1	4	1	2	3	5	1.36363637447357	1	1	1	1	4
1	3	2.35999989509583	1	46.5506858825684	3	2	1	3	5	3.83333325386047	2.63636374473572	1	0	1	0	3
0	3	2.35999989509583	1	39.9424667358398	2	2	1	3	5	3.66666674613953	1.54545450210571	1	0	2	0	3
1	3	1.9099999666214	0	34.0136985778809	1	2	1	3	3	3.66666674613953	2.27272725105286	1	1	1	0	3
1	3	1.82000005245209	1	33.0657539367676	2	5	1	1	3	5	2.63636374473572	1	1	1	1	4
1	1.66999995708466	1.45000004768372	0	48.3643836975098	1	2	1	3	5	4.33333349227905	1.36363637447357	1	1	1	1	3
1	3	1.17999994754791	0	28.4794521331787	2	2	1	3	3	3.66666674613953	1.27272725105286	2	0	1	0	3
1	3	1	1	48.3945198059082	7	3	1	2	2	5	1	2	0	1	1	4
0	2	1.39999997615814	1	43.0520553588867	1	5	1	4	5	3.33333325386047	1.27272725105286	1	0	2	0	2
1	4.67000007629395	1.89999997615814	1	38.830135345459	4	4	1	4	1	5	1.36363637447357	1	1	1	1	4
0	3	2.91000008583069	1	18.572603225708	3	1	1	2	1	3.5	2.59999990463257	2	0	2	0	3
0	2	2.54999995231628	1	18.6575336456299	3	1	1	2	1	2.66666674613953	2.18181824684143	1	0	2	0	2
1	4.32999992370605	1.63999998569489	1	41.5479469299316	2	4	1	2	1	3.83333325386047	1.54545450210571	1	0	1	0	3
1	4.32999992370605	2.35999989509583	1	34.2328758239746	3	4	1	4	2	4.33333349227905	2.45454549789429	1	1	1	1	3
0	3	1.26999998092651	1	48.1150703430176	3	5	1	3	2	3	2.45454549789429	1	0	2	0	2
1	4.67000007629395	2.35999989509583	1	28.4931507110596	2	1	1	3	2	5	1	2	0	1	1	4
1	4	1.26999998092651	0	20.7780818939209	6	2	1	3	2	4.16666650772095	1	1	0	1	1	3
1	2.32999992370605	1.26999998092651	0	26.668493270874	3	1	2	3	2	3.83333325386047	1.45454549789429	1	1	1	0	3
0	3.32999992370605	2.64000010490418	1	36.4054794311523	2	1	1	3	2	4.16666650772095	3.09090900421143	1	0	2	1	3
1	3	2.54999995231628	1	20.7561645507813	6	1	1	1	4	5	1.63636362552643	1	0	1	1	4
1	4	2.64000010490418	0	38.7452049255371	1	2	1	2	3	3.83333325386047	1.36363637447357	2	1	1	0	3
1	2	1	1	28.4410953521729	3	4	1	2	3	3.66666674613953	2.27272725105286	1	0	1	0	3
0	3.32999992370605	2.73000001907349	1	28.7534255981445	3	1	1	3	4	4.83333349227905	2.27272725105286	2	0	2	1	4
1	4.32999992370605	3	1	48.2712326049805	2	5	1	3	1	3.16666674613953	2.27272725105286	1	1	1	0	2
1	3.32999992370605	2.1800000667572	1	47.3780822753906	3	2	1	3	3	3.66666674613953	3.45454549789429	1	1	1	0	3
1	3	1.26999998092651	1	27.306848526001	3	2	1	4	5	5	1.18181812763214	1	0	1	1	4
1	1	1.73000001907349	0	38.5260276794434	5	2	1	1	3	3	1.36363637447357	2	1	1	0	2
1	2.67000007629395	1.9099999666214	0	52.8273963928223	2	2	1	3	3	4.16666650772095	2.27272725105286	2	0	1	1	3
0	4	2.1800000667572	0	28.2712326049805	2	1	1	3	3	4.66666650772095	1.36363637447357	2	0	2	1	4
1	3	2	0	38.4219169616699	4	1	1	2	3	4	1.90909087657928	2	1	1	1	3
1	2.67000007629395	1.0900000333786	0	35.4438362121582	1	1	2	3	1	4	1.36363637447357	1	1	1	1	3
1	3.32999992370605	1.26999998092651	0	34.8246574401855	5	1	1	2	2	5	1.36363637447357	2	1	1	1	4
1	3.67000007629395	1.9099999666214	0	22.1534252166748	6	1	1	1	2	3.5	1.72727274894714	1	0	1	0	3
1	3	1.60000002384186	0	30.7698631286621	4	1	2	3	2	5	1	1	0	1	1	4
1	2.32999992370605	1.17999994754791	0	55.6739730834961	6	2	1	2	2	3.83333325386047	1.18181812763214	1	0	1	0	3
1	3.32999992370605	2.08999991416931	1	20.3698635101318	3	1	1	1	1	2.66666674613953	2.36363625526428	1	0	1	0	2
0	1.66999995708466	2.64000010490418	1	26.3342456817627	3	3	1	3	4	4.66666650772095	2.63636374473572	2	0	2	1	4
1	1.33000004291534	1	0	42.2602729797363	5	2	2	2	3	3.33333325386047	1	1	0	1	0	2
1	3	2.08999991416931	0	36.9260292053223	1	1	1	3	2	4	1.72727274894714	1	1	1	1	3
1	4.32999992370605	2.26999998092651	1	35.3287658691406	3	4	1	2	1	5	1.90909087657928	2	1	1	1	4
1	3	1.45000004768372	1	22.6520557403564	7	1	1	5	1	5	1.27272725105286	1	1	1	1	4
0	5	2.1800000667572	1	39.0931510925293	1	3	2	4	1	4.33333349227905	2.09090900421143	1	0	2	1	3
0	5	2.64000010490418	0	37.9150695800781	6	4	2	1	2	3.66666674613953	1.81818187236786	1	0	2	0	3
1	4	1.82000005245209	0	50.0273971557617	2	2	1	3	3	2.5	1.81818187236786	1	0	1	0	2
1	4	2.64000010490418	0	36.0082206726074	6	2	2	3	4	1.5	1.72727274894714	2	1	1	0	1
1	3.67000007629395	2.08999991416931	1	39.904109954834	3	2	1	2	3	3.66666674613953	1.54545450210571	1	0	1	0	3
1	5	1.82000005245209	1	62.241096496582	3	5	1	3	2	3.5	1.90909087657928	1	1	1	0	3
1	2.32999992370605	2.54999995231628	1	34.9835624694824	6	2	1	3	4	3.66666674613953	3.63636374473572	1	0	1	0	3
1	3.32999992370605	2.08999991416931	1	38.265754699707	3	1	2	2	1	4.66666650772095	1.09090912342072	2	1	1	1	4
0	4.32999992370605	2.45000004768372	1	28.8109588623047	6	4	1	2	1	4	1.18181812763214	1	0	2	1	3
0	4	2.91000008583069	0	38.6958885192871	6	4	1	2	1	3.16666674613953	3.18181824684143	1	0	2	0	2
1	4.67000007629395	2.1800000667572	0	51.1561660766602	2	2	2	4	4	5	1.27272725105286	1	1	1	1	4
1	5	1	1	36.9260292053223	2	2	1	3	2	3.83333325386047	1.81818187236786	1	1	1	0	3
0	3.67000007629395	2.45000004768372	1	29.9150676727295	1	1	1	5	3	3.33333325386047	2.45454549789429	1	0	2	0	2
0	1.33000004291534	1.45000004768372	1	47.4356155395508	2	2	1	5	5	4.66666650772095	2.45454549789429	1	0	2	1	4
0	2.67000007629395	1.54999995231628	1	44.3479461669922	1	2	1	2	5	4.33333349227905	1	1	0	2	1	3
1	1.66999995708466	2.45000004768372	1	43.5315055847168	3	2	1	4	5	4.16666650772095	1	1	1	1	1	3
1	3	1.20000004768372	0	22.5013694763184	7	1	1	2	2	3.83333325386047	2.18181824684143	2	0	1	0	3
0	3.67000007629395	1.82000005245209	1	44.095890045166	2	2	1	2	4	3.33333325386047	2.81818175315857	1	0	2	0	2
1	2.67000007629395	1.54999995231628	1	27.4493141174316	7	1	1	3	1	3.33333325386047	3.54545450210571	2	1	1	0	2
1	4	2.45000004768372	0	41.5972595214844	2	2	1	3	5	4.33333349227905	2.81818175315857	1	1	1	1	3
1	2	1.9099999666214	0	23.095890045166	3	1	1	4	1	3.66666674613953	3	2	0	1	0	3
1	5	2.91000008583069	1	26.191780090332	6	2	1	2	2	3.16666674613953	2.72727274894714	1	0	1	0	2
1	3.32999992370605	1.17999994754791	0	42.6328773498535	4	4	1	5	5	5	1.18181812763214	2	1	1	1	4
1	3.67000007629395	2.45000004768372	1	37.0547943115234	4	2	1	3	5	3.16666674613953	1.63636362552643	1	0	1	0	2
0	3.67000007629395	1	0	41.7095909118652	6	4	2	2	4	5	1	2	0	2	1	4
1	1	1.17999994754791	0	38.3205490112305	5	2	1	3	5	4.5	1.09090912342072	2	0	1	1	4
0	5	2.73000001907349	1	42.1260261535645	2	4	1	4	3	3.5	2	1	0	2	0	3
1	3	1.45000004768372	0	34.9205474853516	1	1	2	5	2	4.33333349227905	2	1	1	1	1	3
1	3.67000007629395	2.1800000667572	0	37.9972610473633	7	1	2	2	1	4.16666650772095	1.09090912342072	2	0	1	1	3
1	4.32999992370605	2.08999991416931	1	22.5369853973389	3	1	2	3	1	4.33333349227905	2.54545450210571	1	0	1	1	3
1	3.67000007629395	1.36000001430511	1	34.808219909668	2	2	2	4	5	4.66666650772095	1.18181812763214	1	1	1	1	4
0	4	2.8199999332428	0	32.2712326049805	1	2	1	3	4	4.16666650772095	3.81818175315857	1	0	2	1	3
0	1.33000004291534	1.20000004768372	0	24.3726024627686	1	1	1	4	4	3.83333325386047	1.36363637447357	2	0	2	0	3
0	3	1.36000001430511	1	46.7780838012695	2	4	1	4	4	4.66666650772095	1.45454549789429	1	0	2	1	4
1	3	2	1	38.6301383972168	4	4	1	2	2	5	1.54545450210571	2	1	1	1	4
1	2	1.0900000333786	1	24.2273979187012	3	1	1	4	2	5	1.45454549789429	1	0	1	1	4
0	1.33000004291534	1.36000001430511	0	29.8904113769531	5	2	1	5	4	4.66666650772095	1.11111116409302	2	0	2	1	4
1	3.32999992370605	2.54999995231628	1	31.4493141174316	2	3	1	2	3	3.83333325386047	1.81818187236786	1	0	1	0	3
0	4.32999992370605	2	1	21.7945213317871	1	1	2	4	1	3.83333325386047	2.36363625526428	2	0	2	0	3
0	5	2.1800000667572	1	31.6986293792725	3	4	1	3	2	5	1.09090912342072	1	0	2	1	4
0	1.66999995708466	1.45000004768372	1	26.1616439819336	3	2	1	4	5	4.16666650772095	2.09090900421143	1	0	2	1	3
0	3	1.54999995231628	0	22.7945213317871	5	1	1	2	2	5	1	2	0	2	1	4
1	2.32999992370605	2.88000011444092	1	32.0657539367676	1	1	2	5	3	3.66666674613953	1.79999995231628	1	1	1	0	3
1	2.32999992370605	2	1	20.9287662506104	3	1	2	3	2	3.5	1.09090912342072	1	0	1	0	3
0	3.32999992370605	1.63999998569489	1	34.4904098510742	1	4	2	4	1	4.66666650772095	1	1	0	2	1	4
1	4.67000007629395	2	1	45.1041107177734	2	2	1	2	3	3.66666674613953	1.63636362552643	1	0	1	0	3
1	3.67000007629395	2.08999991416931	0	50.9616432189942	1	2	1	4	4	4.5	1	1	1	1	1	4
1	1.66999995708466	1.45000004768372	0	53.2109603881836	4	2	1	4	5	4	1.54545450210571	1	1	1	1	3
1	1.33000004291534	1	1	24.0712337493897	3	1	2	3	5	4.66666650772095	1	1	0	1	1	4
0	4.32999992370605	1.17999994754791	1	29.1561641693115	3	1	2	5	1	5	1	1	0	2	1	4
1	3	2.1800000667572	1	58.8575325012207	1	5	1	2	2	4.33333349227905	1.63636362552643	1	0	1	1	3
1	1.33000004291534	1.36000001430511	1	34.1780815124512	4	2	2	4	5	4.83333349227905	1.54545450210571	1	1	1	1	4
0	2.67000007629395	2.64000010490418	0	34.2054786682129	5	3	2	3	3	5	1.36363637447357	1	0	2	1	4
1	3	2.35999989509583	0	23.5178089141846	5	2	1	3	3	2.16666674613953	1.54545450210571	2	0	1	0	1
1	3	1	0	31.1315059661865	1	2	2	5	5	5	1	1	1	1	1	4
1	1.66999995708466	2.64000010490418	0	26.6465759277344	4	2	1	4	3	4.5	1.90909087657928	1	1	1	1	4
1	2.67000007629395	1.0900000333786	1	36.4328765869141	3	5	2	3	1	4.16666650772095	1.18181812763214	1	1	1	1	3
1	4	1.54999995231628	1	40.9013710021973	1	3	1	3	5	4.33333349227905	2.63636374473572	1	1	1	1	3
0	3.67000007629395	1.20000004768372	0	26.7123279571533	5	4	2	3	1	2.5	1.27272725105286	1	0	2	0	2
1	4	1.26999998092651	1	57.9095878601074	1	5	1	2	3	4.33333349227905	1.27272725105286	1	1	1	1	3
1	2	1.17999994754791	1	44.8136978149414	5	4	1	2	1	4.33333349227905	1.72727274894714	1	0	1	1	3
1	3	1.36000001430511	0	38.2054786682129	5	2	1	2	3	4.16666650772095	1.72727274894714	1	0	1	1	3
1	4	2.54999995231628	0	40.9726028442383	1	2	1	3	3	3	3.63636374473572	1	1	1	0	2
0	5	1	1	48.9095878601074	1	2	2	5	5	5	1.45454549789429	1	0	2	1	4
0	4.32999992370605	1.9099999666214	1	25.0438346862793	3	2	1	3	1	4	1.54545450210571	2	0	2	1	3
0	4	1.36000001430511	1	30.975341796875	2	4	2	4	3	4.5	1.36363637447357	2	0	2	1	4
