7	1	473	447
21	1	536	450
0	2	463	439
16	2	559	448
5	1	489	447
8	2	454	431
17	2	423	395
3	2	500	451
11	1	439	478
10	1	528	455
13	2	473	430
6	2	468	437
0	1	559	474
6	1	494	424
18	2	528	490
13	2	484	439
12	2	459	424
1	2	528	437
8	1	478	422
13	2	559	424
13	2	454	431
3	2	473	451
14	1	602	456
11	2	459	421
10	2	576	463
8	2	520	425
8	2	559	522
5	2	459	413
13	2	513	416
0	2	423	419
3	2	494	431
8	1	439	418
15	2	434	422
8	1	434	414
11	2	454	433
10	2	484	450
4	1	559	458
7	1	459	445
17	1	506	439
12	1	576	476
4	2	484	467
10	2	434	416
0	1	528	480
16	2	478	437
18	1	602	465
4	1	439	407
12	2	547	487
8	2	489	425
14	1	500	447
13	1	468	430
14	1	547	480
5	2	513	440
13	2	405	410
5	1	506	413
1	2	513	422
5	1	559	442
10	2	547	461
22	2	454	421
2	1	494	410
2	1	626	465
11	2	500	436
5	2	449	398
8	2	528	442
11	2	500	461
13	2	506	436
5	1	473	428
0	2	444	411
5	2	459	436
4	1	463	436
12	2	559	428
5	2	536	472
11	2	473	434
8	1	500	443
2	1	520	424
22	2	473	418
11	2	500	428
14	1	468	440
7	2	513	436
13	1	506	433
8	2	473	448
3	1	506	474
15	2	484	414
20	1	468	411
11	1	468	422
20	1	412	395
6	2	459	407
11	2	506	472
12	1	463	402
6	2	500	428
12	2	463	413
18	2	468	443
14	2	434	418
2	1	418	403
11	1	484	442
1	1	528	443
17	2	494	410
0	2	439	403
17	1	489	433
0	2	528	422
27	2	536	434
13	1	468	433
17	1	559	440
20	2	559	461
17	2	459	413
4	1	559	445
3	2	536	507
15	1	576	490
6	2	536	451
10	2	536	474
22	2	429	414
4	1	423	400
16	2	489	468
8	2	399	386
6	2	478	424
8	2	473	430
15	2	520	453
10	2	528	456
15	1	576	451
8	1	484	440
10	1	459	445
14	2	468	445
9	2	468	402
12	2	484	414
3	2	478	421
6	1	449	408
1	2	454	393
6	1	429	398
1	1	513	450
8	2	468	445
13	2	500	424
10	2	500	467
13	1	459	400
9	1	513	434
5	2	418	390
13	2	473	416
8	2	449	425
6	2	463	470
11	2	459	472
8	2	528	428
20	2	489	470
8	2	559	439
5	2	494	430
9	2	506	467
10	2	536	470
18	2	494	434
10	2	484	434
3	1	412	397
12	1	559	445
3	2	506	421
5	1	489	408
9	2	547	565
6	1	500	428
12	2	473	390
8	2	434	405
10	1	489	447
8	1	444	407
22	2	418	414
2	2	489	434
11	2	576	456
0	2	463	418
14	2	473	433
20	2	489	465
1	2	459	434
0	2	520	427
7	2	484	437
7	1	513	503
7	2	468	442
15	2	478	414
7	2	418	421
0	2	513	421
21	1	506	431
0	2	576	450
12	2	459	425
12	1	520	428
20	2	576	456
5	2	559	605
10	2	412	416
11	2	489	395
12	2	528	467
9	2	444	390
0	2	454	413
1	2	500	440
1	1	444	410
9	2	478	445
5	1	536	453
3	1	513	483
8	2	478	407
1	1	468	411
2	2	463	397
17	2	547	455
13	2	484	413
9	2	468	407
8	2	468	402
13	2	449	424
9	2	489	440
10	2	478	421
14	2	559	554
10	2	484	439
2	2	449	411
1	1	454	425
7	2	478	427
9	2	454	439
4	1	484	458
9	2	484	430
11	2	454	408
1	1	429	407
0	2	513	433
0	2	473	436
3	1	423	418
15	2	463	443
3	1	478	403
13	2	459	419
10	2	459	408
3	2	478	433
3	2	423	411
10	2	559	503
11	2	449	463
3	2	463	388
5	2	449	414
11	2	459	390
12	1	454	413
14	2	494	470
6	2	434	405
11	1	547	442
8	2	429	393
18	2	494	418
16	2	500	443
1	2	468	428
15	2	444	410
10	2	500	437
20	2	506	461
1	2	528	472
9	1	506	434
15	1	439	427
8	2	559	453
4	2	478	418
4	2	494	445
16	1	484	463
13	2	484	437
4	2	468	411
9	1	528	434
13	2	439	433
1	2	506	456
9	2	459	398
4	2	559	463
12	1	576	470
11	2	439	411
1	1	500	413
8	2	520	440
2	2	459	395
11	1	489	434
13	2	528	492
14	1	559	465
6	1	473	448
11	2	405	411
12	2	602	518
6	1	484	422
4	1	547	470
15	2	484	443
5	2	449	428
9	1	454	397
1	1	459	390
1	2	473	418
10	2	484	470
3	2	513	431
12	1	536	580
8	1	478	456
21	2	513	433
12	1	473	403
15	1	473	408
8	2	478	416
1	2	484	443
20	1	459	421
6	1	536	442
9	2	528	424
9	2	484	421
5	2	494	450
6	2	418	397
0	2	439	450
4	2	473	410
14	1	626	510
12	2	423	418
22	2	444	408
2	1	500	467
13	2	444	424
8	2	468	436
6	2	536	447
3	1	494	468
15	1	473	430
12	2	454	388
2	2	449	422
9	2	463	424
17	2	489	442
14	1	429	418
17	2	454	447
15	2	536	485
6	2	468	407
8	2	500	431
9	2	484	448
4	2	547	450
13	2	536	465
3	2	454	408
13	2	463	431
5	2	473	434
11	1	489	434
7	1	528	465
10	2	489	407
12	1	478	431
9	2	473	393
6	2	320	360
1	2	463	408
3	1	602	518
1	2	500	436
0	2	444	403
8	1	528	485
6	1	536	448
11	2	536	467
15	2	473	428
10	2	513	465
3	2	513	492
5	2	399	400
9	2	434	398
11	2	520	470
5	2	506	424
13	2	626	580
13	1	468	421
24	2	536	461
13	2	459	427
7	1	473	443
11	2	547	497
8	1	520	425
5	1	412	408
7	2	513	450
14	2	520	456
4	1	494	439
17	2	506	456
9	1	536	418
17	2	478	430
8	1	478	424
11	1	500	400
15	1	459	424
13	2	478	410
2	1	484	411
8	1	484	425
10	2	559	495
4	1	520	456
0	1	513	453
18	2	520	476
0	2	494	437
4	2	473	419
12	1	478	428
5	2	459	522
4	1	500	472
3	1	513	470
21	1	484	443
12	2	506	453
5	2	454	431
22	2	468	433
14	2	576	485
3	2	484	458
12	1	449	421
15	2	459	431
7	1	439	391
0	2	459	416
4	2	494	445
3	2	478	407
17	2	365	397
14	2	449	448
13	1	478	455
2	1	454	413
8	2	454	422
21	2	468	440
2	2	513	455
4	2	423	393
10	2	559	437
17	2	478	425
8	2	399	390
6	1	494	437
11	2	423	422
24	2	473	436
6	1	459	414
24	2	559	495
21	2	576	455
2	1	494	418
18	1	602	497
8	1	500	425
2	2	449	451
12	2	494	442
12	2	484	456
1	2	489	413
5	2	439	413
5	2	489	425
4	2	444	411
8	1	506	448
0	2	528	425
13	2	412	393
2	2	418	410
6	1	459	398
9	2	489	434
27	1	434	425
19	2	559	424
7	2	478	430
3	1	626	470
14	1	626	565
1	1	473	421
10	2	513	538
6	2	418	397
6	2	454	410
9	1	602	455
15	2	463	407
13	2	559	510
11	1	520	442
9	2	468	450
16	2	500	439
2	1	547	461
24	2	559	518
15	1	506	434
27	2	473	451
12	1	459	419
10	2	418	400
3	2	468	421
2	2	473	408
12	2	423	388
15	2	536	451
2	2	449	418
1	2	484	419
16	2	429	410
12	1	468	414
13	2	494	453
8	2	520	470
9	1	365	391
0	2	576	455
11	2	449	397
3	2	473	431
5	2	449	439
1	2	489	442
11	1	547	447
3	1	412	410
13	2	602	497
27	2	559	474
5	2	513	439
20	2	384	358
5	2	429	413
7	2	449	411
17	2	484	416
1	2	484	447
6	2	513	448
0	2	494	445
12	1	484	422
15	2	439	403
12	2	536	470
8	2	500	442
14	1	463	414
12	2	494	427
10	2	513	451
3	2	528	476
12	2	418	391
10	1	489	418
9	2	520	443
1	2	500	437
11	2	454	414
2	1	434	434
2	2	444	397
2	2	494	451
11	2	399	380
1	1	429	400
0	1	489	450
4	1	484	416
20	2	494	451
12	1	547	436
16	1	520	472
16	2	500	447
3	2	473	407
15	2	439	442
12	2	478	439
6	1	547	450
0	2	513	470
11	2	489	431
11	2	500	431
0	2	439	442
3	2	439	393
5	2	484	414
3	2	429	400
1	2	520	455
12	2	520	427
5	2	449	405
20	1	489	427
6	2	500	465
9	2	478	440
13	2	463	413
14	2	444	424
24	2	528	440
12	2	506	443
6	2	449	424
14	2	602	451
1	2	494	427
8	2	478	431
13	2	500	461
7	2	439	439
0	2	463	416
3	2	454	421
9	2	429	391
14	1	559	490
17	1	459	424
24	2	478	437
11	2	559	463
11	1	468	411
7	2	412	388
13	2	468	421
22	2	478	421
14	1	439	418
21	2	439	418
6	2	520	451
17	2	506	414
7	2	444	433
4	2	412	395
2	2	468	437
21	1	439	416
7	2	463	424
6	1	473	403
16	1	468	467
2	2	494	439
9	2	429	422
12	2	513	433
17	2	463	407
0	2	513	474
1	2	500	433
6	2	513	436
12	1	459	407
0	1	513	442
13	1	500	437
3	1	429	398
3	2	439	407
6	2	429	407
1	2	536	450
16	1	459	448
17	2	459	447
13	2	439	419
5	2	434	397
12	1	494	437
20	2	473	487
12	2	449	402
8	1	463	434
24	2	602	461
14	2	494	478
14	1	506	460
14	2	528	436
12	1	506	421
11	1	429	425
12	2	459	434
14	1	506	487
1	2	484	434
15	1	412	370
1	2	494	422
14	2	547	442
18	2	463	419
11	2	412	422
6	2	412	397
5	2	418	398
12	2	547	507
10	2	536	461
7	1	439	402
6	1	520	439
13	2	478	434
12	1	513	418
0	2	528	443
19	2	547	456
3	1	520	468
5	2	520	436
18	2	454	421
8	1	439	408
8	2	439	400
12	1	449	422
8	2	536	458
8	1	494	430
8	2	478	425
13	2	489	463
9	2	444	431
10	2	559	487
10	2	473	416
21	2	500	408
15	1	463	407
13	2	602	480
6	2	459	416
0	2	468	442
13	2	520	447
11	2	449	456
6	2	423	407
15	2	494	465
20	2	463	421
1	2	459	431
3	1	468	421
0	2	489	453
10	2	478	391
11	2	463	453
11	2	418	408
8	1	494	456
10	2	547	476
2	1	489	416
5	2	454	427
4	2	500	421
5	2	468	408
5	2	536	440
14	1	602	503
22	2	484	421
11	1	463	424
10	2	449	398
17	2	500	419
10	2	434	422
20	2	528	428
5	1	478	448
10	2	500	458
9	1	559	458
12	2	506	450
14	1	506	460
16	2	473	439
16	1	473	430
21	1	423	400
12	2	528	450
17	2	576	485
18	2	405	391
6	2	473	434
9	2	463	430
2	2	459	411
13	2	423	382
20	2	513	532
0	2	513	443
14	2	506	450
2	1	528	468
8	1	459	410
17	2	463	421
5	2	429	408
13	1	489	428
10	2	576	460
3	2	478	410
3	2	489	410
14	2	429	416
15	2	449	408
20	2	489	419
11	1	454	434
8	1	528	465
8	2	484	422
4	1	602	472
4	2	513	450
10	2	439	395
11	1	513	474
15	1	473	430
14	2	494	442
5	2	528	430
5	1	418	393
7	2	468	416
11	2	528	448
13	2	384	382
11	2	449	430
8	1	454	422
5	2	439	424
20	2	489	425
3	1	520	487
1	2	434	419
6	1	405	405
15	2	468	434
5	2	506	433
4	1	576	460
1	1	484	443
1	2	494	458
13	1	489	445
9	2	454	448
7	2	576	472
7	1	484	445
3	2	559	483
5	2	463	419
11	2	449	422
10	2	528	453
0	2	520	487
10	1	500	448
17	1	478	450
10	1	434	419
15	1	478	433
5	2	626	483
17	2	484	443
1	1	459	410
16	2	576	492
17	2	536	465
6	2	449	414
3	2	536	461
17	2	449	413
13	2	484	424
12	1	513	448
4	2	494	408
5	2	528	416
4	2	439	403
11	1	536	467
8	2	478	437
8	1	439	405
12	2	468	419
0	2	576	467
16	2	536	492
10	1	547	455
6	1	423	378
15	2	528	451
3	2	484	419
13	2	449	434
5	2	547	442
5	2	429	424
11	2	405	395
5	1	454	413
11	2	513	413
22	1	484	424
9	1	536	455
12	2	463	428
8	2	547	424
5	2	449	388
3	2	489	443
15	1	547	468
13	2	418	378
13	2	547	458
13	2	463	407
6	1	513	433
13	1	463	421
8	2	536	461
0	2	520	405
11	2	576	538
8	1	494	470
4	1	500	465
15	2	626	474
20	2	494	455
2	1	405	398
9	1	520	433
8	2	559	430
16	2	423	400
3	1	489	440
9	2	439	407
1	1	547	427
9	2	478	443
0	2	489	500
2	2	500	442
13	2	449	425
15	2	494	434
12	1	412	393
6	2	468	410
10	2	423	408
12	2	506	418
7	1	489	478
13	2	536	443
13	2	449	439
0	2	500	443
11	2	576	476
10	2	392	397
3	1	576	470
13	1	626	538
11	2	528	447
1	2	423	388
12	2	473	421
8	2	434	410
3	2	489	443
11	2	547	472
2	1	468	445
8	1	528	439
0	2	454	398
11	2	434	407
12	2	399	403
19	1	429	400
7	1	392	398
6	1	399	407
17	2	513	411
17	2	463	425
0	2	392	391
11	1	536	458
8	2	468	411
11	1	528	448
5	2	489	456
11	2	478	439
13	2	478	419
10	2	513	433
11	2	463	465
9	1	602	425
10	2	454	430
6	2	513	456
2	2	434	422
15	2	449	422
11	2	478	422
10	1	384	384
14	1	506	442
2	2	449	410
20	2	506	451
17	2	494	425
6	1	576	456
6	2	418	419
6	1	418	391
5	1	513	433
3	1	500	430
8	2	439	393
5	2	473	439
14	1	547	439
8	1	484	460
3	2	384	400
3	1	459	402
7	2	434	419
1	1	384	402
4	2	500	436
4	2	473	418
13	2	500	419
21	1	494	427
5	2	429	400
2	2	489	433
17	2	444	422
6	2	463	410
0	2	463	413
1	2	463	448
11	2	536	443
12	1	500	453
5	1	468	393
11	2	434	411
11	2	528	500
5	2	434	414
13	2	418	402
20	1	473	418
9	2	576	463
8	1	444	410
0	2	468	410
13	2	454	402
20	2	520	476
13	2	468	442
3	2	463	427
21	1	375	405
3	2	399	393
13	2	500	433
13	1	500	445
11	2	494	448
8	1	500	428
13	1	468	411
13	2	500	437
10	1	602	470
4	2	528	433
5	1	494	461
21	2	463	413
12	2	559	478
20	1	494	416
13	2	468	450
18	1	528	463
6	2	484	433
1	2	494	410
3	2	500	448
7	2	439	448
5	2	463	439
8	2	459	440
8	1	468	445
10	2	547	437
6	1	468	430
6	1	484	405
5	2	513	439
13	2	500	430
1	2	449	400
5	2	478	416
0	2	520	443
9	2	449	405
5	2	418	410
13	2	484	436
2	1	513	437
2	1	405	400
11	2	454	402
19	1	494	433
12	2	520	424
12	2	439	408
8	2	489	416
12	1	494	422
1	2	528	424
8	1	500	580
8	2	429	397
6	1	576	460
13	2	463	398
8	2	463	416
13	2	489	487
5	2	434	419
11	2	500	447
5	2	459	424
6	2	484	414
14	1	520	465
11	1	484	418
11	1	468	440
15	2	459	434
15	2	528	433
8	1	576	467
7	2	459	430
11	2	468	418
11	2	489	418
9	1	459	411
6	2	429	408
10	1	423	408
2	2	454	411
12	2	478	430
19	1	489	565
3	2	463	416
8	2	439	413
10	1	473	448
0	2	412	400
13	2	463	428
12	2	444	433
8	1	520	440
22	2	484	414
8	2	399	413
13	2	489	453
5	2	520	408
0	2	434	403
19	1	576	545
10	1	423	408
21	1	489	428
6	2	500	453
3	2	484	424
18	2	506	460
17	2	449	407
0	1	473	414
11	1	520	483
27	2	434	382
2	1	434	397
3	1	489	425
11	1	536	492
4	2	536	447
12	1	500	418
13	2	484	514
7	2	429	410
8	2	478	433
4	2	429	408
3	2	528	463
8	2	418	427
12	2	434	397
13	2	463	428
3	2	454	439
11	2	423	397
3	1	602	538
11	2	434	405
17	2	439	411
2	1	500	413
10	2	463	518
12	2	536	424
14	2	506	514
5	2	434	421
13	2	444	413
5	2	489	467
8	2	449	411
5	1	528	451
8	2	489	439
2	2	576	507
6	2	506	451
11	2	439	427
10	2	484	472
17	2	478	402
0	2	484	424
8	1	506	427
11	1	506	483
15	2	500	427
10	2	423	407
1	2	528	425
4	2	423	428
8	1	484	460
18	1	576	503
14	2	528	445
21	2	468	433
15	1	423	413
13	2	439	407
0	2	500	451
10	2	449	413
3	2	484	422
5	2	520	467
3	2	418	395
10	2	559	422
5	2	354	376
3	2	463	408
4	1	429	403
11	2	449	431
2	1	423	425
4	2	520	439
13	2	429	424
8	2	473	434
13	2	536	443
5	2	484	425
0	1	473	443
12	1	500	460
5	1	528	470
1	1	439	413
6	1	536	497
8	1	506	458
1	1	468	428
10	2	489	455
10	2	536	474
8	2	484	425
1	2	444	419
0	1	576	538
3	2	454	405
12	2	478	443
5	2	444	408
0	1	439	413
10	2	576	440
13	1	489	436
1	2	468	413
14	1	489	460
8	2	528	448
0	1	484	440
14	1	434	403
27	2	473	403
15	1	559	461
14	1	494	430
2	1	412	422
13	2	559	440
15	2	463	425
21	1	449	439
5	2	520	443
1	2	489	460
22	2	500	448
7	2	459	453
10	2	559	456
21	1	494	450
1	2	547	461
8	2	449	411
8	2	468	433
13	2	500	439
12	2	473	455
12	1	513	450
11	2	513	433
17	2	506	451
4	2	478	451
0	2	444	390
2	1	500	419
17	2	399	400
22	2	484	421
10	2	520	427
3	1	473	443
1	2	489	436
18	2	520	476
4	1	494	456
12	2	473	405
3	2	439	410
11	1	528	487
11	2	473	424
15	2	547	472
6	1	547	450
8	2	478	425
10	2	434	390
10	2	473	416
6	1	528	476
3	2	459	425
17	1	463	436
8	2	506	421
9	2	439	400
0	2	418	393
1	2	489	437
14	1	559	485
7	2	513	545
12	1	412	391
9	1	484	411
12	2	444	391
1	1	449	421
0	2	489	425
12	2	576	480
2	2	520	427
9	2	506	418
11	2	559	458
11	2	459	463
0	2	536	458
5	2	439	422
10	1	478	490
6	2	449	408
17	2	528	474
5	2	484	434
11	2	468	419
13	2	576	474
8	1	484	431
0	1	494	422
17	1	520	478
16	2	454	408
4	2	444	403
5	2	520	480
14	1	494	465
0	2	494	455
5	2	513	442
12	2	484	460
3	2	463	430
2	2	434	397
6	2	484	416
8	1	520	448
3	1	513	450
6	1	528	447
10	1	478	425
5	2	412	390
8	2	547	442
12	1	444	434
6	2	399	390
20	2	459	408
12	1	536	436
15	2	478	436
3	2	602	495
5	1	454	422
10	2	559	440
8	2	444	395
1	2	536	428
12	1	418	421
5	2	468	410
12	2	478	430
16	2	520	518
6	2	429	425
13	1	459	405
5	2	473	437
8	2	405	395
8	2	520	416
6	1	547	434
13	2	489	465
7	2	500	431
13	1	520	458
22	1	478	414
11	2	463	424
11	2	418	403
11	1	520	442
8	1	559	472
12	2	468	442
2	2	434	411
11	2	405	397
2	2	449	431
1	2	500	445
10	2	602	490
15	2	478	448
13	2	547	497
4	1	489	458
8	1	444	433
4	1	576	453
11	2	513	476
4	2	489	431
13	2	484	453
2	2	468	440
20	2	602	463
7	1	434	408
6	1	528	443
3	2	439	388
6	2	439	428
13	2	506	418
3	2	463	453
0	2	536	428
12	2	506	456
13	2	484	425
0	2	506	455
12	1	434	407
20	1	506	436
8	2	444	422
1	1	513	431
4	2	506	425
4	1	500	440
6	1	459	403
6	1	484	433
13	2	444	422
6	2	384	393
8	2	439	456
16	2	459	421
8	2	463	393
13	2	494	430
10	2	489	490
9	2	489	433
9	1	418	403
12	2	429	419
20	2	513	503
11	2	473	430
12	2	484	451
21	2	454	413
11	2	392	393
16	2	528	460
0	2	429	388
9	2	459	398
8	1	484	445
11	2	444	407
27	2	500	437
5	2	429	407
5	2	506	431
3	1	478	408
13	1	536	463
5	2	506	507
8	1	513	427
22	2	494	418
2	2	494	395
14	2	528	456
12	2	506	408
13	2	513	463
6	1	513	445
1	1	468	425
8	2	399	398
3	1	478	445
11	2	423	416
19	2	559	478
13	2	449	421
9	2	434	400
10	2	434	414
2	1	434	414
24	2	602	480
5	2	478	428
6	1	513	440
11	2	547	495
6	1	513	448
3	2	484	419
4	2	412	408
3	2	473	430
15	2	602	461
12	2	473	437
27	1	547	448
20	1	559	461
13	2	478	430
5	2	423	403
13	2	484	428
17	2	439	416
10	2	478	460
11	2	494	460
0	1	489	433
13	1	536	522
10	1	454	403
12	2	434	431
3	2	439	425
3	2	500	443
8	2	454	402
3	2	444	395
11	2	449	403
8	1	405	384
6	1	528	490
7	2	528	455
11	2	399	390
6	1	459	413
14	2	506	428
5	2	489	442
0	1	439	419
5	1	602	495
13	1	444	436
9	2	484	436
9	2	506	467
2	1	454	443
3	2	412	388
8	1	494	439
11	2	439	428
10	1	520	445
8	1	459	414
6	2	468	430
0	2	459	427
2	2	454	425
4	1	602	476
3	1	500	421
6	1	559	448
21	2	454	414
1	2	513	414
6	2	536	416
3	2	473	440
16	2	478	455
17	2	478	433
13	2	459	413
27	2	459	422
13	2	602	497
17	1	463	458
7	2	429	418
1	1	506	436
6	2	399	380
21	2	449	397
5	2	489	437
17	2	434	418
4	1	547	460
6	2	444	403
5	2	484	408
14	2	418	413
10	2	478	422
20	1	489	443
4	2	444	386
21	1	423	431
11	1	528	451
8	2	513	487
14	1	547	456
1	2	547	427
12	2	449	413
22	2	444	407
16	1	468	468
2	2	454	418
0	2	602	465
14	2	444	410
17	2	449	413
8	2	506	461
4	1	559	565
13	2	513	434
13	2	423	376
15	2	463	427
8	2	500	419
10	2	520	478
10	2	489	419
14	2	576	627
5	2	473	442
6	2	520	442
12	2	439	380
16	2	449	418
7	1	513	483
5	2	478	478
12	2	484	428
2	2	500	456
20	2	536	485
21	1	602	434
24	2	547	478
16	2	478	410
2	1	468	433
0	2	459	405
5	2	454	431
4	2	506	431
3	2	489	437
14	1	500	440
9	2	547	467
13	2	423	413
6	2	459	419
8	1	506	461
12	2	520	483
10	2	444	410
11	2	478	439
13	2	528	425
5	1	444	411
12	2	536	456
13	2	449	419
15	1	478	474
15	2	513	453
9	2	489	422
15	2	494	402
8	1	494	416
15	2	506	428
12	1	506	461
9	2	405	382
18	2	484	460
5	2	484	439
8	1	536	416
12	1	484	442
6	1	576	474
12	2	500	483
13	2	473	424
12	1	429	410
8	1	478	436
12	2	506	448
13	2	536	478
11	1	484	407
27	1	506	447
2	2	602	487
1	2	500	424
12	1	459	403
11	2	454	402
15	2	478	439
11	2	513	461
2	1	513	474
22	2	384	416
1	2	576	468
7	1	528	450
9	2	626	461
6	1	463	437
1	1	454	425
2	2	449	413
0	2	484	522
11	2	478	418
6	2	454	419
21	1	468	427
11	2	500	436
12	1	520	474
5	2	449	422
7	2	412	413
9	1	536	450
13	2	547	442
8	2	626	510
8	1	513	478
8	2	513	451
5	1	536	460
15	2	500	447
3	1	626	518
13	1	484	405
6	2	449	418
8	2	449	416
1	2	500	424
12	2	547	458
7	2	494	408
10	1	439	405
9	2	494	455
6	2	513	448
24	2	494	430
1	1	459	405
12	1	418	395
8	1	418	407
0	2	536	437
4	2	547	522
13	2	478	453
12	2	449	434
6	2	506	456
8	2	484	440
8	2	513	472
12	2	463	437
6	1	626	478
24	2	484	430
5	2	375	386
13	2	444	403
8	1	520	442
4	2	434	395
16	2	473	419
12	2	494	422
6	1	520	442
4	1	489	453
6	2	484	397
0	2	392	403
24	2	520	447
12	2	463	414
4	1	602	495
8	2	602	485
11	2	506	428
21	1	444	431
1	1	478	413
9	1	520	416
6	2	489	410
11	1	449	408
1	2	444	418
20	2	489	436
9	1	576	440
14	2	429	408
12	2	528	445
5	1	454	437
14	2	444	413
12	2	429	405
10	2	494	400
20	2	602	474
10	2	494	434
0	2	484	451
1	1	484	440
5	2	506	424
8	2	478	476
13	2	444	405
0	2	500	433
5	2	468	419
14	1	478	453
10	2	454	402
4	2	418	413
10	2	454	408
12	1	473	418
12	2	513	545
9	2	559	434
14	1	489	434
13	2	434	408
0	2	459	402
1	2	576	472
11	2	494	443
17	2	439	402
12	2	506	456
17	2	459	448
0	2	478	436
5	2	444	403
12	1	454	416
0	2	478	503
18	2	520	451
15	2	500	436
22	2	520	447
11	1	454	411
10	1	489	455
15	1	444	418
8	2	459	448
4	2	478	431
5	2	434	430
13	2	463	448
13	2	478	439
7	2	384	398
3	2	513	424
20	2	463	443
6	2	463	422
5	2	494	405
8	1	459	418
11	1	500	443
13	2	528	495
8	1	473	463
13	1	444	402
6	2	463	413
11	2	626	554
12	2	459	422
1	1	423	393
16	2	513	453
3	2	320	315
14	1	576	458
13	2	449	445
12	2	520	433
13	2	434	400
6	2	520	437
13	2	473	470
5	2	468	422
11	2	439	416
7	2	468	418
20	2	536	422
2	1	412	397
12	2	528	467
4	1	602	492
10	2	468	450
22	2	513	453
11	2	520	447
3	2	454	414
6	2	434	391
9	1	478	431
8	2	559	443
11	2	459	400
22	2	468	430
16	2	473	460
10	2	500	425
19	2	528	495
11	2	434	397
10	2	449	411
12	2	513	437
4	2	454	418
16	2	484	465
8	2	478	425
24	2	434	424
19	1	454	398
11	2	547	461
7	1	494	456
3	2	520	422
13	1	468	442
9	2	449	405
9	2	468	437
14	2	576	580
17	2	520	455
12	2	513	456
9	1	520	492
0	2	478	433
1	1	449	448
12	2	484	460
13	2	478	461
12	2	528	456
21	2	484	407
21	2	473	413
9	2	528	465
6	2	473	411
8	2	468	411
3	2	559	565
14	2	528	443
9	1	444	437
24	2	536	411
5	2	449	422
9	2	463	434
10	2	500	474
6	2	506	424
3	1	423	386
1	2	468	408
6	2	602	472
12	2	506	448
3	2	463	407
6	1	513	434
3	2	429	393
2	1	423	414
6	2	454	410
5	2	478	433
13	2	429	405
11	2	459	433
1	2	506	425
1	2	429	408
8	2	468	445
12	2	528	478
11	2	444	445
11	2	484	450
9	2	473	430
6	2	375	398
7	1	500	447
16	2	528	440
22	2	444	411
1	1	468	405
11	2	459	424
6	2	418	413
12	2	528	456
6	1	602	474
11	1	468	391
20	2	520	483
10	1	429	424
11	2	494	425
16	2	489	450
16	2	489	450
9	2	506	465
7	2	513	424
9	1	494	463
8	2	468	419
5	2	576	507
5	2	494	416
7	2	434	402
12	2	513	453
17	2	513	448
10	2	468	410
11	2	478	414
13	1	468	422
1	2	506	428
0	2	418	427
27	2	463	428
8	2	434	413
5	2	489	447
12	2	459	439
8	2	468	436
2	2	602	436
20	2	506	527
13	2	484	422
14	2	500	448
18	2	423	402
18	1	506	476
13	1	536	456
9	2	459	427
9	2	449	408
12	2	444	421
10	2	494	500
0	2	547	514
13	2	449	437
2	2	536	456
8	2	626	545
2	2	506	453
2	1	405	402
2	1	454	414
4	1	459	400
20	2	478	460
1	2	439	403
5	2	602	492
5	2	454	414
20	2	478	424
12	2	489	411
1	2	500	433
7	2	444	416
10	1	454	437
7	1	559	450
13	1	536	443
13	2	473	410
13	2	459	410
10	2	423	419
13	2	429	403
1	1	454	419
13	2	434	390
12	2	536	463
11	2	473	451
21	1	500	461
3	1	520	467
12	1	506	497
3	2	449	430
7	2	478	425
12	2	494	443
21	1	506	472
5	2	473	424
12	2	536	439
8	2	439	410
11	1	449	434
15	2	626	580
2	2	449	407
12	1	520	467
16	2	494	480
2	1	468	439
12	2	459	433
11	1	528	472
10	2	513	448
11	2	478	405
5	1	439	402
12	1	468	418
6	2	384	398
9	2	513	503
3	1	506	465
3	2	473	421
9	2	468	434
12	2	412	393
4	1	473	419
8	1	506	453
3	2	489	468
11	2	478	421
9	2	528	451
13	2	513	442
13	1	506	472
4	2	536	480
5	1	500	468
11	2	484	478
5	2	418	408
5	2	500	419
24	2	547	436
8	1	520	532
11	2	463	447
7	1	444	430
15	2	536	460
3	2	423	416
13	2	444	445
12	1	513	437
16	2	520	430
15	2	494	443
8	2	459	413
1	2	528	450
19	2	528	580
10	1	547	527
6	1	513	425
17	2	444	431
8	1	429	403
10	1	434	434
8	1	520	453
9	2	484	433
11	2	463	418
3	2	434	436
11	2	513	451
10	2	473	421
16	2	459	424
6	1	399	411
14	1	494	468
11	2	449	407
18	2	528	437
11	2	500	492
0	2	459	433
13	2	520	451
9	2	459	413
13	1	602	465
0	2	484	495
10	2	500	439
14	2	500	451
9	1	559	447
24	2	536	431
13	2	559	474
12	2	489	465
22	2	399	405
0	2	547	458
5	2	506	450
3	2	412	405
10	1	520	440
6	1	576	463
3	2	399	391
0	2	468	402
8	2	434	419
10	2	576	605
6	1	399	397
4	2	489	451
10	2	500	421
10	1	500	456
16	2	454	419
6	2	449	408
6	2	559	472
12	2	528	418
5	1	454	436
13	2	434	430
11	1	444	428
12	2	484	421
11	2	423	408
8	2	473	503
20	2	520	436
8	2	489	460
11	2	536	445
4	2	454	416
7	2	463	450
8	1	439	382
3	2	506	428
5	2	418	398
10	2	473	433
11	2	506	431
12	2	494	421
0	2	513	455
12	2	559	472
12	2	473	410
2	1	478	433
6	2	459	407
10	1	459	427
3	2	536	433
6	2	423	390
2	2	473	424
3	2	520	440
10	2	484	384
11	2	392	388
0	2	439	408
11	1	489	453
12	1	559	450
12	2	528	451
14	1	547	503
10	1	418	400
1	1	434	408
12	1	434	408
10	1	528	476
12	2	520	458
6	2	429	402
10	2	449	424
3	2	429	405
17	2	444	398
14	2	459	436
5	2	489	428
10	1	444	424
0	2	459	507
24	2	602	500
8	2	454	439
12	1	459	390
0	2	494	440
6	2	429	391
2	2	429	407
12	2	429	400
5	1	500	403
13	2	449	431
10	2	528	490
11	2	559	465
12	2	468	433
11	2	494	402
7	1	559	470
10	2	473	430
12	2	468	455
0	2	489	439
11	2	559	532
14	2	478	463
13	2	494	458
2	2	484	451
27	1	489	436
4	1	559	448
12	2	547	447
20	1	468	418
12	2	489	455
5	2	494	448
2	2	454	407
11	2	418	419
12	2	520	434
6	2	559	430
0	1	547	487
12	2	520	436
1	1	559	463
8	2	602	490
4	2	429	390
12	1	412	398
4	2	468	436
15	2	547	495
10	2	500	461
13	2	489	443
19	2	520	463
13	2	576	463
21	2	513	422
0	2	463	434
3	1	602	461
0	2	489	458
3	1	559	500
0	2	547	445
20	2	494	463
6	2	463	436
7	1	536	470
12	2	454	430
8	2	423	443
21	1	576	455
10	1	412	407
3	1	434	411
8	2	459	422
0	2	429	410
14	2	494	451
15	1	459	422
3	1	576	627
11	2	459	425
7	2	468	405
10	1	454	427
7	2	444	437
7	1	449	428
8	1	449	433
17	2	423	408
9	2	500	419
5	2	459	407
2	1	449	411
11	2	459	418
11	2	484	455
8	2	602	485
20	2	489	472
0	1	454	416
11	2	418	405
24	2	439	440
9	2	459	427
17	2	405	405
2	2	513	445
7	2	513	439
14	2	513	474
5	2	423	407
9	2	468	421
13	2	500	421
1	2	412	402
6	2	405	422
11	2	444	382
5	1	494	451
17	2	473	434
2	1	468	437
6	2	626	518
12	2	559	492
5	2	513	413
13	1	468	437
1	2	463	427
10	2	484	393
13	2	484	474
3	2	392	380
24	2	626	518
13	2	547	442
1	1	513	448
10	2	513	448
5	1	439	431
6	1	489	422
5	2	520	455
9	2	494	434
10	2	439	410
14	1	500	431
9	2	449	424
11	2	429	443
8	2	500	414
2	2	439	418
1	2	454	437
3	2	468	433
6	2	423	408
12	2	454	442
13	2	463	428
14	2	559	472
6	1	602	463
6	2	468	405
5	1	528	451
11	2	489	463
16	2	473	425
15	2	473	474
12	2	484	474
16	2	454	402
1	1	439	458
9	2	463	411
15	1	500	436
3	1	463	410
6	2	513	472
17	2	454	447
4	2	468	425
6	2	434	395
8	2	520	472
6	2	536	472
3	2	478	448
5	2	449	430
12	2	478	407
1	2	449	407
2	2	454	411
10	2	559	468
4	2	454	414
4	1	602	456
15	1	459	410
0	2	468	443
13	2	547	468
5	1	434	414
15	2	473	430
12	2	429	395
5	2	449	410
11	2	547	427
10	2	412	413
13	2	459	430
8	2	528	460
7	2	459	427
8	2	473	419
3	2	434	419
2	2	494	416
15	1	449	408
3	2	478	445
10	2	536	443
1	2	494	414
6	1	536	460
8	2	484	448
2	1	454	458
20	1	429	405
1	1	484	437
6	2	434	397
1	1	454	460
1	2	520	453
22	2	520	463
24	2	626	461
5	1	547	463
7	2	449	405
11	2	444	425
6	2	576	472
12	2	468	428
1	2	494	448
9	2	513	453
0	2	365	346
20	2	439	419
20	2	547	465
2	2	423	393
17	1	439	421
6	2	399	388
5	2	559	453
14	2	500	450
8	2	506	447
4	2	547	472
20	2	576	451
11	1	449	407
13	2	559	460
10	2	506	436
3	2	412	410
15	1	484	407
5	2	513	445
7	2	513	428
20	1	520	431
3	1	520	443
16	2	547	461
13	1	528	514
17	2	536	430
15	1	520	460
15	1	484	448
14	1	489	430
5	2	506	538
15	2	489	442
9	2	439	451
8	2	520	518
15	1	484	425
14	1	547	456
12	2	412	400
6	1	513	447
11	2	528	463
14	1	444	447
4	2	468	405
13	1	506	433
15	2	468	442
8	2	489	428
1	1	439	419
15	2	473	445
0	2	513	408
3	2	449	422
10	2	489	467
1	1	513	436
5	1	463	411
6	2	439	410
17	2	484	434
2	2	513	474
20	2	506	455
18	2	459	419
0	2	602	507
10	2	520	453
24	2	547	455
2	2	478	410
8	2	463	414
8	2	484	431
8	1	576	580
15	2	463	427
8	2	506	425
16	2	412	410
1	2	444	402
6	2	484	427
5	2	576	427
6	2	423	386
2	2	405	391
6	1	506	421
8	2	500	451
6	2	513	416
17	2	454	414
20	2	576	490
13	2	454	439
13	2	489	428
9	1	602	451
16	2	500	451
1	1	434	422
7	2	559	472
6	1	528	467
15	1	449	400
5	2	449	418
15	1	559	503
6	2	418	411
6	2	473	400
10	2	520	428
19	2	484	431
12	1	463	416
6	2	473	443
8	1	459	424
6	2	444	400
13	2	506	428
14	2	513	458
2	1	494	443
10	2	478	445
13	2	478	455
0	2	468	439
1	2	405	386
12	1	412	418
5	2	423	414
13	2	392	403
4	2	520	430
2	2	489	451
13	2	520	443
8	2	434	421
1	2	513	445
8	2	520	442
15	2	576	495
6	1	626	474
19	1	384	380
14	2	513	458
0	2	536	439
8	2	412	422
12	2	473	437
8	1	494	443
8	2	405	405
5	2	484	461
10	2	478	427
12	1	500	453
12	1	484	418
1	2	473	448
11	2	478	456
20	2	489	434
16	2	459	413
8	2	513	470
15	2	478	455
3	1	429	408
21	2	484	440
8	1	528	450
3	2	478	425
20	2	484	422
15	2	528	453
3	1	547	492
11	1	434	376
11	2	484	431
8	2	423	424
2	2	468	431
2	2	468	410
15	2	602	514
13	2	473	413
13	2	478	403
0	1	463	418
6	2	473	437
12	2	412	413
8	2	500	416
15	2	478	472
13	1	484	439
5	2	494	439
21	2	484	418
1	1	434	414
7	1	459	447
12	1	459	424
13	1	506	487
3	2	434	380
10	2	454	403
3	2	439	397
13	2	449	414
14	1	528	443
20	1	478	422
13	2	576	487
3	2	506	458
2	1	459	439
10	2	444	437
10	2	405	403
15	1	463	403
3	2	412	400
0	2	468	416
12	2	459	439
9	1	473	430
11	2	489	430
16	2	494	492
12	2	478	436
12	2	439	418
18	2	536	476
12	2	459	427
10	1	412	437
15	2	478	437
11	2	444	437
4	1	576	468
13	2	506	490
4	1	418	402
11	2	528	453
16	2	506	437
9	2	506	514
7	2	459	413
3	1	468	433
4	2	513	447
13	2	463	430
7	2	405	398
12	1	506	456
8	2	559	458
13	1	494	442
11	2	468	453
12	2	536	456
11	1	484	414
1	1	423	421
6	2	520	458
14	2	484	465
16	1	459	411
0	2	384	419
14	1	444	421
10	1	489	458
3	2	506	451
9	2	576	470
13	2	434	402
12	2	449	421
9	2	547	497
13	2	434	421
5	2	626	627
3	2	489	456
8	2	547	445
13	2	513	463
4	2	513	433
3	1	449	440
17	2	454	410
18	2	520	474
13	2	449	418
1	2	513	422
3	1	536	424
8	2	434	418
0	2	459	416
20	1	454	416
12	2	528	448
10	2	500	418
6	1	463	424
22	2	392	403
8	2	468	428
8	2	513	436
1	2	520	424
22	1	444	393
24	2	468	453
13	2	520	440
16	1	468	422
10	2	547	483
5	1	444	421
11	1	423	397
13	2	576	467
8	2	429	418
6	1	459	421
7	2	444	405
19	1	513	554
8	2	489	428
14	1	602	463
13	2	520	518
8	2	434	421
12	2	439	398
10	2	489	465
17	2	454	419
9	2	520	450
8	1	468	413
12	1	528	424
7	2	418	398
15	2	459	413
8	2	489	416
8	2	463	422
20	2	602	490
10	2	547	447
1	2	468	380
12	2	444	384
5	2	434	430
8	2	528	437
0	2	459	436
6	1	520	447
8	1	454	434
6	2	405	380
2	1	536	490
17	2	494	410
3	2	489	461
5	2	494	458
8	1	528	480
12	2	473	407
5	2	478	433
2	2	559	495
11	1	602	468
12	2	506	443
10	2	489	447
9	2	513	418
24	2	494	430
8	2	412	416
5	1	473	447
10	2	547	497
21	1	559	492
5	1	536	463
1	2	528	425
8	2	489	467
10	1	547	527
2	2	489	425
15	1	478	434
11	2	500	497
11	1	520	476
17	1	434	431
15	2	528	437
11	2	412	411
19	1	513	463
15	1	405	380
12	2	468	439
16	1	506	485
6	1	484	422
13	1	500	447
5	1	520	472
6	1	478	414
8	1	484	465
2	1	489	434
12	2	559	468
3	1	399	416
14	2	506	460
8	1	506	439
10	2	473	434
6	1	528	425
15	1	454	410
6	2	399	386
5	2	468	419
15	2	405	410
6	2	494	428
8	2	429	397
0	2	473	419
1	1	392	395
3	2	473	413
15	2	513	439
0	1	513	422
9	2	468	443
13	2	478	436
6	1	559	497
13	2	547	510
6	1	528	428
10	2	463	414
13	2	444	407
6	1	536	483
9	2	454	427
5	2	484	447
4	1	478	448
12	2	434	405
8	2	423	410
27	2	434	408
13	2	444	411
12	2	520	450
1	1	444	425
8	1	468	428
14	1	434	397
17	2	494	433
11	1	463	430
8	2	418	448
3	2	384	358
20	2	494	458
7	2	626	510
3	2	423	403
5	2	478	453
13	2	444	433
4	1	626	580
3	2	423	428
13	2	520	433
4	1	484	453
14	1	494	439
1	1	418	414
6	1	459	400
1	1	439	422
4	2	412	395
21	1	449	408
3	1	576	497
3	1	576	503
6	2	473	461
15	2	429	453
2	2	576	467
22	1	520	437
15	1	520	472
8	1	576	518
8	2	473	427
12	2	559	465
8	2	500	507
15	2	454	492
13	2	392	378
6	2	418	398
3	2	449	410
1	2	506	442
7	2	484	440
6	2	339	388
12	1	528	487
6	1	500	425
0	2	478	422
11	2	576	497
8	2	449	413
5	2	434	425
16	2	429	405
14	1	478	450
14	2	559	507
13	1	536	451
11	2	489	467
9	2	478	455
2	2	513	439
0	2	449	421
13	2	506	425
8	2	454	424
15	2	520	437
8	2	439	431
9	1	449	425
16	2	536	443
1	2	459	414
6	1	463	421
7	2	459	418
3	2	484	455
19	1	513	448
5	2	484	447
5	2	576	532
8	2	439	402
13	1	528	461
7	2	520	451
19	2	602	451
21	1	626	627
14	1	418	436
13	2	429	425
3	2	506	448
10	2	459	422
12	2	463	413
8	2	463	414
12	1	418	391
21	1	513	476
13	2	559	483
14	2	454	455
12	1	626	460
3	2	506	428
3	2	513	437
21	1	478	456
1	2	473	427
11	2	454	467
10	1	399	386
18	1	520	442
7	2	473	465
3	2	547	460
8	2	478	418
20	2	399	400
0	2	520	434
1	2	536	453
1	1	602	503
1	2	468	402
12	1	459	422
10	2	494	427
6	2	439	427
21	2	528	545
8	2	463	418
20	2	459	465
11	2	473	439
6	1	528	453
21	1	602	431
5	2	528	463
18	2	463	403
10	2	444	405
6	2	449	403
7	2	405	376
6	2	559	472
2	1	478	436
6	2	405	393
13	2	473	461
5	1	506	437
12	2	500	428
6	1	454	408
16	2	468	439
11	2	489	419
17	2	484	436
24	2	602	538
8	2	449	425
8	2	500	443
5	1	547	470
19	1	559	580
13	2	459	443
12	2	528	447
13	2	468	416
8	2	459	402
2	1	484	443
9	1	463	445
12	1	459	440
12	2	559	465
12	2	429	413
9	2	444	403
15	2	506	419
8	2	506	467
8	2	463	395
14	1	528	500
8	2	506	419
21	1	489	422
1	2	500	439
6	2	412	397
5	1	484	434
2	1	454	416
11	2	449	434
7	2	423	400
12	1	494	436
10	2	449	413
8	1	528	448
2	1	423	402
8	2	423	398
3	2	473	433
13	2	536	507
13	2	399	395
13	2	412	384
14	2	536	436
2	2	423	439
3	2	576	472
7	2	449	421
3	1	454	443
16	2	536	442
13	1	484	424
13	2	489	463
13	2	576	442
21	1	463	410
12	2	484	414
8	2	468	465
5	1	459	421
5	1	528	465
19	2	559	463
2	1	412	400
0	1	528	450
13	2	576	476
0	2	513	436
8	2	489	456
7	1	478	430
8	2	418	422
4	2	454	424
10	2	449	424
10	2	494	440
2	2	484	437
12	1	454	418
7	1	520	461
12	1	489	437
12	2	478	437
16	2	559	510
20	2	626	538
24	2	559	507
14	1	473	418
8	1	478	434
15	2	559	497
6	2	602	461
3	2	459	430
1	1	444	407
1	2	439	419
22	1	434	395
13	1	429	405
13	2	506	474
2	1	506	433
20	2	449	447
10	1	473	427
15	1	463	425
14	2	484	463
7	1	528	456
0	2	434	414
7	2	626	522
12	1	478	421
2	2	423	403
15	2	513	470
16	1	500	460
1	1	473	428
11	1	459	437
17	2	449	414
24	2	626	443
12	2	449	434
10	2	489	410
12	1	494	447
13	1	459	402
6	2	500	450
24	2	536	437
1	2	478	450
21	2	520	443
13	2	444	407
0	2	454	434
1	1	459	442
8	1	459	419
1	2	528	421
4	2	489	453
7	1	576	467
6	2	520	460
8	2	444	422
10	2	439	442
2	2	536	450
12	2	468	418
5	2	468	437
1	2	454	407
11	2	405	390
13	2	520	545
6	2	520	455
5	2	489	455
1	2	536	440
12	2	536	468
4	2	454	422
5	2	528	431
11	2	494	433
7	2	439	418
0	2	547	463
11	1	463	437
15	1	494	455
9	2	449	397
2	1	513	460
13	1	473	416
12	2	500	460
15	2	434	422
15	2	559	580
4	2	506	433
15	2	484	448
11	2	513	492
22	2	473	411
5	2	473	439
12	1	602	480
11	1	520	492
13	2	439	393
8	1	473	448
6	1	473	470
10	2	463	474
7	2	429	419
4	1	602	470
13	2	473	422
9	2	500	445
0	2	463	470
12	2	468	421
11	2	536	507
12	1	473	445
13	2	434	407
13	2	500	445
5	2	489	427
15	1	626	518
13	2	520	478
3	2	500	448
11	2	399	397
20	2	520	460
2	2	489	442
11	2	489	450
1	2	513	450
12	2	468	414
14	1	528	443
13	2	444	405
17	1	449	424
2	2	463	408
3	2	473	450
4	2	528	434
14	1	576	467
13	2	478	470
3	2	423	391
9	2	484	407
17	2	454	414
20	2	473	460
17	2	444	431
17	2	513	451
13	2	463	427
7	2	576	497
6	2	500	433
15	1	429	400
6	1	489	468
7	1	500	467
17	2	473	439
9	2	444	403
13	2	468	448
5	2	468	416
3	1	576	492
8	2	478	402
8	2	434	418
5	2	520	460
0	2	506	500
12	1	429	402
10	1	500	453
10	2	602	470
12	2	412	413
17	2	468	434
5	2	444	402
4	1	520	472
12	2	528	437
15	2	418	405
7	2	463	433
3	2	399	380
12	2	494	436
13	2	473	431
11	2	489	455
11	1	576	522
1	1	429	410
15	2	536	451
18	2	478	425
4	2	449	421
13	2	473	422
13	2	484	437
5	1	423	397
1	1	520	447
5	2	500	450
12	2	500	419
13	2	423	393
11	2	559	448
9	2	536	453
11	1	459	400
13	1	602	472
6	2	489	424
8	1	473	433
10	1	454	434
21	1	494	458
5	1	536	434
6	2	439	403
3	2	489	428
8	2	444	442
14	1	528	480
10	2	449	422
5	2	484	458
14	2	473	463
9	2	500	461
12	2	463	428
10	1	439	408
13	2	494	434
4	2	449	436
9	2	520	433
5	2	500	422
6	2	506	465
2	1	454	455
3	2	520	451
12	2	494	455
12	2	399	397
18	2	547	468
13	2	468	434
12	1	392	410
1	1	494	439
14	1	528	472
3	2	384	393
2	2	459	424
11	2	520	456
11	2	463	424
15	1	506	470
9	1	500	451
15	1	547	500
12	1	559	514
6	2	506	434
8	1	449	419
13	2	468	421
8	1	478	443
9	2	449	422
3	2	434	382
20	2	547	468
2	1	473	410
8	2	473	413
6	1	468	428
18	2	536	445
12	2	454	413
9	2	506	455
16	2	444	424
0	2	423	418
12	1	429	416
21	1	449	411
3	1	484	436
6	1	354	393
11	2	513	439
11	2	513	450
18	2	454	402
3	2	399	407
7	2	506	439
13	2	423	405
8	1	536	461
14	2	520	443
14	2	473	413
15	2	468	411
6	2	412	422
4	2	439	398
9	2	528	436
6	2	463	419
11	2	528	467
5	2	444	419
11	2	494	478
2	2	489	428
1	1	454	407
4	1	576	448
8	2	536	436
8	2	473	450
5	2	494	424
8	2	423	408
12	2	602	554
13	2	602	503
13	2	434	445
6	2	478	419
12	1	478	425
0	2	444	408
4	2	449	425
20	2	494	434
21	2	520	428
9	2	484	425
12	2	500	414
11	1	494	434
3	2	513	418
10	2	576	514
8	2	444	425
11	2	576	580
5	1	506	451
11	2	559	460
17	2	468	405
15	1	489	430
1	2	506	442
2	2	463	405
2	2	418	407
20	1	494	430
10	1	489	437
6	2	444	398
14	1	547	443
17	2	489	430
0	2	444	421
16	2	494	455
6	2	439	419
11	1	547	467
21	1	528	427
12	2	444	433
11	2	520	476
0	2	489	411
8	2	547	431
1	1	528	453
18	2	478	418
12	2	473	443
2	2	473	450
6	1	405	400
6	2	463	410
9	2	449	413
19	1	444	442
1	2	513	431
3	2	392	388
15	2	399	413
2	2	494	419
3	2	405	403
12	2	484	414
0	1	449	397
15	2	484	439
13	2	528	416
13	2	454	424
16	1	536	474
19	2	626	514
13	2	528	514
7	1	576	472
12	1	439	402
3	2	444	419
8	2	602	554
0	1	559	448
3	2	444	413
16	2	459	436
10	2	434	414
8	2	423	398
1	1	463	411
12	2	484	430
24	2	559	439
15	2	500	424
8	1	520	458
3	2	489	397
12	1	520	430
12	2	536	483
6	2	489	430
5	2	468	424
3	2	473	414
1	2	434	395
11	2	429	397
7	2	484	455
16	2	478	445
13	2	494	450
9	2	444	402
8	1	506	447
6	2	576	476
13	2	500	447
12	1	513	456
1	2	459	410
4	1	576	455
5	1	463	422
2	1	473	405
3	2	484	430
20	2	484	439
14	2	494	447
12	1	434	427
14	1	399	416
27	2	506	463
7	2	473	470
4	2	513	416
24	2	576	495
8	2	429	405
9	2	434	382
15	1	559	456
8	1	513	497
6	2	354	398
8	1	473	456
12	2	459	427
12	2	399	391
14	2	484	460
9	2	473	445
6	2	559	463
5	1	489	428
11	2	520	442
5	1	559	472
16	1	547	472
8	1	405	397
10	2	468	442
0	2	484	495
11	2	463	439
8	1	520	458
12	1	449	414
6	2	506	448
16	2	506	434
16	2	536	445
5	2	459	405
14	2	459	413
8	2	506	436
12	2	506	443
13	2	468	408
8	2	459	458
3	2	468	408
11	2	399	384
3	2	478	456
13	2	520	474
15	2	506	419
8	2	478	405
10	2	434	400
0	2	434	440
3	2	449	421
7	2	439	407
20	2	418	456
21	2	473	468
1	1	412	421
14	2	559	468
14	1	459	428
3	2	478	430
10	2	559	478
6	2	494	437
11	2	468	451
6	1	528	490
14	2	459	421
1	2	439	407
6	2	412	390
18	1	500	440
17	2	494	445
0	2	484	442
8	2	484	445
11	2	500	448
7	1	463	431
15	2	494	470
9	2	468	450
1	2	478	445
11	2	463	410
2	1	468	443
1	1	434	422
4	2	602	500
10	2	439	407
11	2	444	428
5	2	478	407
12	2	484	437
6	1	489	433
12	1	463	413
9	2	489	422
7	2	484	428
16	2	468	433
6	2	463	425
4	2	454	421
17	2	520	430
2	2	478	421
15	2	528	460
9	2	439	413
0	2	626	545
14	1	454	461
20	2	528	461
5	2	418	390
16	2	528	451
2	1	449	413
9	2	506	448
14	1	473	436
13	2	500	447
20	1	484	418
5	2	494	421
14	2	459	403
2	1	449	413
1	2	489	440
16	2	468	443
16	2	520	467
12	1	547	439
10	2	434	445
5	2	468	437
9	2	484	436
2	2	559	458
3	2	412	386
20	1	500	442
8	2	454	428
13	2	459	436
14	2	506	476
2	1	429	403
12	1	576	470
12	2	536	461
11	2	484	427
6	2	468	427
8	2	459	436
5	2	468	411
1	2	439	418
12	2	494	456
6	2	429	408
2	1	434	411
14	1	489	405
8	2	484	456
2	2	559	447
12	2	463	414
6	1	500	422
13	2	468	413
12	2	520	483
9	2	489	428
3	2	489	436
13	2	463	437
2	1	484	431
11	2	434	437
8	2	439	424
8	2	484	468
14	2	473	433
17	2	449	428
6	2	449	402
12	2	489	428
10	2	528	465
10	2	506	465
10	1	494	451
8	2	489	419
16	2	626	545
15	2	559	492
6	2	528	443
14	1	449	403
9	2	463	431
6	2	459	430
9	1	478	424
13	2	459	430
9	2	454	413
13	2	459	428
2	1	520	478
17	2	494	416
9	2	559	472
0	2	520	430
11	2	500	451
1	1	473	434
12	2	468	433
8	2	547	443
5	1	489	439
20	2	626	480
12	2	559	443
11	2	459	439
4	1	576	507
0	2	449	402
8	2	463	442
6	2	423	422
4	1	528	468
8	2	392	391
8	2	473	431
19	1	473	436
15	1	513	442
7	2	434	398
1	1	473	440
0	2	412	414
13	1	444	428
13	2	444	425
8	1	434	421
8	1	439	413
11	1	536	492
8	2	500	448
6	2	473	408
16	1	576	456
12	1	468	408
19	2	500	467
20	2	473	460
13	2	449	407
1	1	506	421
0	2	536	478
7	2	500	428
5	1	506	436
8	1	459	437
3	2	444	391
15	1	494	410
12	1	506	442
13	2	484	427
13	1	468	411
16	2	536	468
8	2	506	416
0	2	454	434
13	2	468	419
14	1	576	456
12	2	439	386
0	2	520	427
13	2	473	408
1	2	454	410
14	2	559	434
5	1	513	414
19	1	459	439
10	2	576	458
5	1	418	398
17	2	468	439
5	1	494	422
15	2	528	451
21	2	506	407
5	2	506	445
2	1	489	445
5	1	547	474
1	2	489	416
21	1	489	427
2	2	439	407
12	1	500	437
6	1	559	458
13	1	489	467
16	2	468	439
3	1	494	455
21	1	423	384
4	2	459	419
6	1	506	437
14	1	434	440
13	2	418	407
3	1	602	522
21	2	576	439
11	2	399	374
1	2	473	442
11	2	405	402
17	2	484	450
9	1	494	407
6	1	439	408
12	1	500	433
0	2	478	428
22	1	500	437
13	2	392	405
11	2	478	422
15	2	489	443
1	1	536	455
11	2	506	518
11	1	576	465
22	2	489	439
9	2	576	605
17	1	576	470
21	2	528	414
0	1	463	451
27	2	468	430
5	2	478	411
14	1	559	487
18	2	500	427
12	2	536	442
21	1	454	418
13	2	473	425
15	1	454	433
12	2	405	391
6	2	478	431
3	2	418	413
9	2	418	395
6	1	576	443
2	1	454	428
5	1	506	427
12	1	528	434
9	2	626	490
7	2	434	397
1	1	444	424
5	2	513	485
12	2	576	456
3	2	429	388
6	1	626	483
2	1	536	458
20	2	412	427
14	2	384	384
14	1	444	413
8	2	399	411
11	2	454	405
9	2	484	436
3	2	463	433
4	2	500	463
8	2	500	430
13	2	559	427
13	2	494	474
14	1	626	627
7	2	439	403
22	1	500	414
20	2	528	430
8	1	513	450
1	2	463	410
12	2	478	416
3	1	602	476
12	2	444	410
19	1	484	430
2	2	576	495
9	1	489	418
8	2	500	451
14	1	528	437
6	2	434	455
11	2	439	402
5	1	473	433
20	1	459	400
6	1	484	434
10	2	500	433
11	1	484	485
1	2	528	463
6	1	559	514
14	1	500	451
17	2	559	451
8	2	506	393
9	2	478	442
12	2	489	431
6	2	500	424
1	2	405	419
11	2	449	434
8	2	513	425
5	1	439	425
13	2	489	424
15	2	478	443
11	2	520	514
13	2	559	460
8	2	506	527
10	2	494	467
8	2	439	419
12	1	494	460
12	2	463	425
13	2	429	410
8	2	454	382
8	1	602	474
10	2	494	448
12	2	454	407
11	1	500	450
10	2	547	467
11	2	528	447
0	1	576	472
5	2	494	440
12	1	463	437
8	2	520	436
5	2	459	398
9	2	494	424
6	2	468	422
7	2	494	455
6	2	528	456
14	1	602	476
11	1	520	451
8	1	478	393
24	2	559	503
5	2	484	407
1	1	444	443
20	2	520	468
12	1	478	440
15	1	513	442
13	2	459	405
5	1	520	450
4	2	602	627
6	2	489	447
6	2	520	448
18	2	489	430
8	2	399	405
20	2	473	436
3	1	434	388
10	2	454	407
11	2	506	428
2	1	494	437
16	2	528	503
21	1	418	400
8	1	439	413
17	1	478	424
14	2	468	431
8	1	513	436
6	2	626	490
12	2	513	442
9	2	484	468
13	2	399	403
12	2	489	450
11	2	506	443
8	2	494	408
14	1	494	442
18	2	536	470
8	1	489	425
11	2	528	447
8	2	449	407
6	2	506	443
0	2	520	436
2	1	500	431
8	2	423	411
10	2	506	442
10	2	478	437
10	2	429	421
10	2	468	430
12	1	468	410
5	1	536	470
1	1	468	456
4	2	473	390
6	1	500	439
5	1	439	405
16	2	536	538
0	2	559	483
11	1	536	500
2	2	478	408
10	1	500	436
6	1	468	431
8	2	434	422
0	2	449	427
8	1	418	400
6	1	478	414
12	1	449	419
1	2	513	425
5	2	468	433
8	1	520	487
10	2	463	421
4	2	536	440
17	1	602	485
6	1	489	414
8	1	528	480
12	2	494	405
13	2	506	445
2	2	454	390
3	2	444	405
10	2	500	500
24	2	473	433
7	2	536	447
11	1	444	428
8	1	506	443
4	2	494	436
15	1	463	434
14	1	626	507
7	2	559	565
13	2	489	427
13	1	484	455
11	1	459	410
12	2	547	554
10	2	454	419
10	2	449	419
13	2	494	453
16	2	547	495
16	2	454	427
8	1	468	416
5	2	434	393
5	2	468	451
8	2	520	440
14	2	454	428
21	1	484	419
7	2	473	431
16	1	484	437
3	2	392	378
13	1	506	413
8	1	513	478
13	2	459	391
8	1	489	413
7	2	384	384
2	2	576	497
8	2	459	411
6	1	506	421
19	1	489	418
19	1	468	410
6	2	506	465
3	1	449	408
9	1	484	450
1	2	418	408
9	1	576	470
6	1	429	408
12	2	520	453
13	2	626	478
11	2	454	414
18	2	439	402
12	1	547	480
15	2	473	424
4	2	434	403
3	2	494	424
3	2	468	453
13	2	528	468
3	1	626	538
1	1	513	443
12	2	506	430
5	2	449	416
20	2	459	442
9	2	473	463
20	1	478	433
13	1	513	453
6	2	439	439
12	1	459	393
17	2	478	434
8	1	559	472
13	2	459	411
16	1	468	428
17	1	536	554
12	1	536	448
6	2	500	418
12	2	506	456
3	2	418	411
6	1	484	455
15	1	520	510
0	2	513	442
2	2	449	421
11	2	444	395
5	2	506	437
21	1	536	468
4	1	478	433
14	1	423	408
11	1	439	403
8	2	468	424
8	2	489	418
15	2	506	448
1	1	463	424
5	1	536	463
11	2	454	413
17	2	528	442
11	1	418	393
9	2	429	431
13	2	576	458
9	2	459	443
4	2	506	465
12	2	506	467
8	2	434	386
5	2	489	450
6	2	500	451
6	1	500	461
8	1	468	405
12	1	434	405
13	2	506	451
6	2	506	450
4	1	489	448
0	1	468	433
1	1	444	453
8	2	444	405
12	1	473	427
12	2	478	428
20	1	513	439
12	1	429	419
12	2	423	424
9	1	536	411
6	1	513	424
13	2	484	440
15	2	484	445
3	2	473	433
0	2	392	413
15	2	576	478
0	2	459	427
6	2	506	456
3	1	528	465
8	2	506	433
22	2	439	416
17	2	418	418
7	1	473	434
12	2	478	428
8	1	547	450
9	1	484	424
12	1	429	405
5	2	449	428
10	2	449	445
1	1	463	419
7	2	513	447
13	2	500	427
8	2	576	565
2	1	434	414
6	2	463	398
9	1	429	395
5	2	506	425
2	2	489	416
11	2	468	419
3	2	439	410
17	2	449	422
4	2	559	451
2	1	520	428
0	1	463	427
3	2	626	480
8	2	473	418
11	1	449	398
12	2	520	436
13	2	506	456
5	2	489	437
0	2	454	421
2	1	444	400
11	2	484	424
16	2	602	518
6	2	418	395
0	2	439	411
13	2	412	395
5	2	454	408
4	2	484	405
18	2	513	456
0	2	454	398
2	2	520	455
5	1	506	411
7	2	418	372
12	2	506	427
1	1	449	416
3	2	429	393
3	1	520	428
22	2	528	445
10	2	500	447
6	2	423	411
4	2	528	433
2	2	468	445
3	2	520	495
10	2	449	419
6	2	602	436
3	2	423	393
17	2	528	421
14	2	576	474
12	2	468	458
17	2	494	458
2	2	444	425
5	2	418	400
12	1	506	463
1	1	478	433
11	2	449	422
0	2	439	431
3	2	489	467
12	2	506	421
2	2	468	411
0	2	506	440
10	2	484	410
19	2	520	447
4	1	506	451
1	1	489	443
9	1	547	434
6	1	520	453
20	2	602	460
7	1	484	421
14	1	468	470
10	2	559	431
10	2	478	398
10	2	434	413
17	1	528	433
12	2	463	414
6	1	536	467
3	2	528	476
0	2	478	408
3	2	454	416
16	2	536	605
21	1	494	463
3	2	418	403
11	2	439	421
11	2	536	439
17	2	423	440
11	2	602	458
15	2	478	439
6	2	444	421
6	2	559	467
2	1	434	403
8	1	520	434
21	1	478	468
5	1	576	451
0	1	559	518
1	1	463	418
5	2	429	408
15	1	434	407
20	2	484	478
11	1	528	492
3	2	559	503
20	2	602	480
8	1	576	605
3	1	576	443
12	2	473	428
3	1	444	411
3	2	444	376
3	1	506	478
8	2	506	408
14	1	459	419
14	1	439	397
11	1	473	470
3	2	439	408
9	2	513	433
14	1	513	474
10	2	484	437
13	2	478	453
1	1	463	428
5	2	454	416
11	2	412	434
3	2	547	453
13	2	473	447
3	1	500	413
9	2	434	434
8	1	520	414
0	2	468	425
12	1	468	421
5	2	494	492
4	1	459	448
5	1	547	431
5	2	494	451
13	1	468	413
16	1	520	467
8	1	528	483
2	2	434	416
17	2	444	419
5	1	478	447
14	2	399	378
12	2	576	495
7	1	463	467
8	1	478	419
4	1	576	492
4	2	468	456
13	2	434	403
4	1	576	448
8	1	423	398
3	1	576	455
8	2	454	437
24	2	520	433
6	2	459	458
1	2	547	443
20	2	500	419
1	1	459	425
4	1	494	448
3	1	463	416
8	2	463	418
1	2	559	442
6	1	602	487
3	1	405	395
6	2	513	430
2	1	484	410
8	2	434	403
27	2	459	418
9	1	449	413
18	2	444	419
6	1	468	434
4	2	463	422
27	1	468	442
13	2	444	400
1	1	434	419
0	2	444	440
12	2	536	483
8	1	547	538
17	2	429	413
13	2	459	434
16	2	528	492
17	2	520	458
0	2	418	416
13	2	500	440
3	2	454	410
11	2	484	465
5	2	444	430
11	1	434	414
9	2	478	425
6	2	444	414
13	2	473	443
6	2	418	410
7	1	520	476
6	2	454	430
6	2	478	411
7	2	375	384
2	1	434	407
11	2	500	431
11	1	559	461
24	2	602	545
24	2	520	443
12	2	459	428
5	2	429	419
14	2	500	470
13	2	489	437
5	2	528	445
1	2	439	402
6	1	478	419
1	2	478	430
13	2	602	518
9	1	513	434
4	1	559	503
11	2	405	414
8	2	405	405
3	2	626	565
10	1	576	460
4	2	449	425
13	1	439	384
6	2	444	414
3	2	506	431
1	1	444	422
12	2	500	431
6	2	520	463
5	1	520	455
5	2	459	425
1	2	429	395
6	1	500	421
11	2	473	451
12	2	405	393
5	2	468	411
10	2	520	487
12	1	602	472
10	2	449	407
12	1	547	439
8	1	423	397
12	2	494	433
3	2	478	463
4	2	468	450
11	2	468	403
0	2	547	422
7	1	484	460
8	1	468	413
21	2	484	424
24	2	602	474
7	2	365	402
17	1	444	448
10	2	459	416
21	2	459	431
2	2	528	421
8	2	576	483
12	2	489	418
2	1	454	422
0	1	576	439
15	1	536	463
5	2	506	497
4	2	500	421
17	2	459	393
11	2	536	421
15	1	484	443
11	1	463	431
5	2	454	393
12	2	528	450
1	2	494	445
12	1	434	424
1	2	439	434
15	2	536	456
14	1	602	468
15	2	576	468
6	1	489	443
6	2	473	419
21	1	418	403
1	2	536	450
14	1	513	460
3	2	489	413
2	2	449	407
1	2	434	422
13	2	484	465
11	1	384	400
3	1	412	397
8	2	412	403
11	2	449	413
13	2	506	442
15	2	429	413
6	1	520	450
12	2	473	414
1	1	506	480
13	1	494	437
14	2	547	450
11	2	500	497
24	2	626	545
14	1	547	474
22	2	459	410
20	2	602	490
0	2	559	431
9	2	473	447
5	1	513	450
13	2	520	485
7	2	405	411
6	2	423	410
15	1	547	527
12	2	494	447
11	2	528	451
22	1	459	428
5	1	434	398
2	2	473	433
8	2	392	388
21	1	439	418
0	2	500	428
1	2	449	425
13	2	418	397
15	1	478	468
2	2	506	453
13	2	449	421
13	2	559	465
13	2	520	427
10	1	494	450
13	1	528	447
21	1	484	440
8	2	418	382
8	2	405	414
11	2	506	451
5	2	454	445
21	1	384	405
10	2	513	436
2	2	473	447
15	2	528	453
0	2	506	448
16	2	500	445
1	2	513	416
3	2	439	413
17	2	429	413
6	2	439	418
5	2	434	408
9	2	454	443
11	2	418	411
13	2	489	433
11	2	478	467
12	2	513	411
2	2	484	445
6	1	489	411
13	2	513	437
14	2	513	433
8	2	484	414
7	1	528	443
10	1	459	427
5	2	429	419
3	2	559	455
13	2	454	425
6	2	576	463
11	1	513	476
15	1	444	403
8	2	468	411
14	2	459	424
12	2	473	437
6	2	439	407
13	2	454	418
14	2	536	445
17	2	429	465
7	2	478	458
13	2	454	402
2	2	547	458
8	2	494	476
4	2	384	384
8	1	500	407
10	2	478	403
12	2	454	398
22	2	528	439
6	2	484	418
24	2	547	442
3	2	576	468
13	2	576	532
24	2	520	450
6	1	463	413
12	2	494	433
2	2	506	422
12	2	559	450
12	1	536	474
12	1	439	398
13	1	439	410
9	2	500	453
17	2	449	445
13	2	423	393
13	1	513	453
11	2	423	405
1	2	478	410
14	1	547	453
1	2	489	445
4	1	626	497
12	2	478	439
12	2	513	467
7	2	576	580
5	2	513	437
2	1	434	405
14	1	528	443
10	1	454	419
1	1	489	440
5	2	459	400
2	1	484	455
20	1	626	467
2	2	449	448
13	2	513	492
1	2	459	400
11	2	468	416
11	2	489	456
5	2	459	422
13	2	463	456
4	2	459	416
9	1	405	410
3	1	547	480
20	2	536	461
10	2	468	430
20	2	459	434
22	2	449	413
11	2	399	403
8	1	473	467
9	1	405	388
22	2	473	422
2	2	528	461
0	2	506	439
0	1	506	451
21	1	500	460
3	2	513	448
15	1	484	433
9	2	454	410
11	2	463	437
1	2	405	403
12	2	418	391
24	2	528	434
5	2	444	427
7	2	513	428
3	2	463	403
14	2	484	460
10	2	489	448
6	2	399	411
15	2	429	414
11	1	547	522
20	2	463	455
4	2	489	433
15	1	434	405
12	1	494	448
7	2	473	453
8	1	468	440
10	2	478	439
10	1	468	425
6	2	547	455
27	2	454	442
11	2	478	451
8	2	489	448
4	2	484	434
7	2	528	456
5	2	459	424
15	2	449	425
11	2	528	425
16	2	559	455
20	2	506	470
4	2	434	430
8	1	513	411
1	1	449	410
8	2	434	422
10	1	392	398
2	2	494	460
13	1	439	410
15	2	559	460
6	2	478	436
8	1	468	421
11	2	559	490
10	2	559	474
19	2	576	487
8	2	463	402
12	2	463	421
17	2	513	461
3	2	520	467
13	2	463	427
17	1	459	430
9	2	547	453
12	1	444	431
8	1	547	455
15	2	439	431
15	2	513	428
21	2	463	437
10	2	489	448
12	2	536	472
10	2	559	483
17	2	459	445
6	2	439	424
24	2	506	410
3	2	547	518
3	1	547	461
8	2	528	436
0	2	489	472
12	2	559	468
3	1	520	427
24	2	536	436
7	1	506	463
12	2	454	405
6	1	506	451
16	2	439	393
24	2	449	407
19	1	500	450
12	1	559	437
7	2	473	403
12	2	576	458
8	2	439	398
6	2	478	419
12	1	444	410
21	2	468	461
13	2	602	458
0	2	439	421
6	1	513	443
12	1	513	434
20	2	626	500
3	2	520	448
8	1	506	430
2	2	449	402
6	2	520	442
16	2	478	443
7	2	444	440
13	2	449	421
12	2	547	433
17	2	478	419
3	2	429	431
18	2	489	403
6	1	602	495
6	2	423	393
10	1	478	503
2	1	520	478
11	2	484	434
3	2	520	414
12	2	468	468
9	1	536	439
17	2	506	431
2	1	500	439
10	2	468	442
8	1	559	554
1	2	468	434
11	1	399	390
3	2	547	456
1	1	439	414
5	1	463	439
0	2	454	447
13	2	494	476
24	2	602	554
10	2	536	472
6	1	463	437
9	1	536	428
20	2	626	495
12	2	494	421
11	2	484	440
5	2	473	453
24	2	520	416
4	2	484	443
6	2	459	419
12	1	454	436
8	1	463	416
8	2	405	398
17	2	449	427
3	2	520	450
13	2	489	419
5	2	478	447
8	2	434	411
14	2	412	427
8	2	484	440
5	2	468	433
8	2	463	419
13	2	513	463
7	2	547	451
15	1	528	455
20	2	500	468
7	2	468	421
5	1	484	451
13	2	463	439
4	2	434	400
4	2	528	440
2	2	399	374
8	2	444	407
2	2	405	388
6	2	412	434
0	2	423	384
12	2	454	400
3	2	468	424
6	1	494	455
6	2	536	467
2	2	626	465
1	2	454	407
1	2	520	474
13	2	489	421
17	2	468	410
8	2	429	397
6	2	602	487
3	2	439	411
3	2	536	440
10	1	454	413
1	2	559	461
12	2	513	510
10	2	500	448
6	1	439	414
10	1	459	414
9	1	489	456
1	1	449	418
14	2	459	448
18	1	489	451
10	2	536	461
6	2	559	448
9	2	513	428
20	2	500	483
16	2	463	414
16	2	463	451
8	2	439	410
6	1	520	447
5	2	626	605
10	1	468	419
10	1	468	425
2	2	439	388
20	2	528	428
14	1	559	485
11	2	478	461
4	2	500	460
8	1	513	442
8	2	494	418
11	2	449	395
8	2	468	400
6	2	536	492
12	2	506	453
16	2	494	431
17	2	423	390
3	2	444	424
12	1	412	405
17	2	536	450
6	1	513	450
17	2	494	437
13	2	506	416
21	1	429	403
5	2	468	447
2	1	405	405
10	2	473	458
11	2	528	427
6	1	468	436
5	2	459	436
11	1	463	427
5	1	520	503
11	2	536	465
8	1	375	407
15	2	494	447
3	2	439	408
6	2	468	411
13	2	444	424
8	1	520	437
11	2	468	424
8	2	473	425
9	1	444	395
6	2	494	443
13	2	513	447
7	1	506	448
0	2	559	474
8	2	484	419
2	2	513	425
0	2	429	395
10	2	463	425
9	1	559	492
22	2	473	418
19	1	459	440
2	2	449	398
2	2	412	398
5	2	418	398
3	1	473	433
8	1	506	467
6	1	429	405
11	1	454	414
12	2	484	518
8	2	520	510
0	2	429	405
3	1	506	485
14	2	494	460
16	2	489	455
13	2	449	439
20	1	513	407
0	2	444	418
12	2	520	447
9	1	506	453
0	2	444	418
8	2	412	413
0	2	434	393
27	1	576	450
2	1	536	458
24	2	513	461
12	2	520	554
8	2	463	430
8	2	439	424
0	2	399	398
9	2	626	580
10	2	602	391
12	2	513	458
15	2	423	408
9	2	513	422
3	2	528	461
14	2	468	425
6	2	602	490
10	2	494	451
3	2	444	419
9	1	429	390
12	2	463	427
1	2	506	445
6	2	392	403
1	2	602	450
11	1	434	395
15	1	489	430
10	2	559	433
10	1	489	439
15	2	478	418
7	2	463	408
17	2	484	408
13	2	547	474
11	1	494	440
10	2	444	405
13	2	449	416
11	2	439	402
6	1	489	514
3	2	399	405
13	2	506	458
11	2	478	422
22	2	444	419
10	2	463	436
10	2	506	465
12	2	489	439
5	2	478	451
12	2	439	411
19	2	536	480
21	2	513	456
14	2	494	445
19	1	444	391
0	1	454	428
3	2	478	400
11	2	434	410
10	2	489	439
5	1	449	398
5	2	536	476
8	2	459	410
0	2	459	407
20	1	520	497
15	2	439	400
11	2	626	510
13	2	500	436
3	1	439	411
5	2	528	476
10	2	463	408
4	2	528	445
17	1	489	430
3	1	473	434
11	2	484	431
8	1	405	395
14	2	459	440
13	2	439	440
13	2	489	403
12	2	547	455
6	1	439	400
20	2	506	439
12	1	412	424
1	1	484	439
9	2	434	414
3	2	418	402
9	2	449	398
27	1	468	461
7	2	536	461
12	2	513	448
6	2	434	390
10	2	536	437
8	1	478	439
2	2	459	398
4	1	473	405
5	2	468	436
12	2	489	510
0	2	384	393
13	2	468	410
16	2	520	436
13	1	500	430
5	2	536	422
22	1	547	470
2	1	463	428
6	1	520	431
0	1	484	431
19	2	473	474
0	2	506	434
24	2	559	472
10	2	528	422
4	2	473	421
3	1	429	413
2	2	478	434
8	2	489	437
1	1	429	408
11	2	412	405
14	1	439	411
12	2	494	434
14	1	536	527
13	2	484	437
8	2	484	419
12	1	444	424
11	2	463	421
13	2	478	434
5	2	459	437
2	1	547	467
13	2	459	419
0	2	454	424
4	2	494	425
5	2	444	408
12	2	528	463
2	2	434	403
13	2	494	437
11	2	559	439
9	2	449	402
12	1	423	414
10	2	423	402
12	1	449	411
13	2	463	437
5	2	463	419
6	2	500	418
7	2	500	439
11	2	559	474
13	2	454	411
0	2	454	425
5	2	444	413
14	2	500	445
11	1	423	403
8	2	513	445
11	1	626	522
9	2	478	437
8	1	576	467
17	2	429	398
1	2	439	408
6	2	576	450
9	2	484	407
11	1	473	434
20	2	478	451
8	2	528	451
5	2	500	428
3	1	449	450
6	1	444	419
6	2	473	428
14	2	494	518
14	1	429	439
6	1	399	418
8	1	489	445
22	2	489	431
12	2	439	430
5	2	459	431
16	1	602	503
4	1	559	467
14	2	454	421
19	1	513	443
8	1	459	413
0	2	439	416
13	2	454	414
8	1	520	463
16	2	513	500
5	2	484	405
6	2	439	403
15	2	506	437
7	1	454	463
12	2	494	424
12	2	478	427
0	2	500	443
11	2	429	419
6	1	454	407
1	2	468	403
16	2	478	492
12	1	444	419
4	2	449	407
3	2	429	430
4	2	528	430
17	2	454	440
11	2	439	410
13	2	429	386
6	2	520	468
10	2	484	478
13	2	484	408
8	1	459	413
5	1	484	430
4	1	559	545
3	2	405	407
8	2	454	430
15	1	473	413
14	1	559	453
13	2	478	437
4	2	439	430
12	1	602	500
27	2	459	410
6	2	454	402
12	2	528	431
8	1	478	433
0	2	489	427
3	2	478	418
8	2	506	437
7	2	463	434
21	1	478	500
14	1	528	456
8	2	459	442
12	1	468	436
12	2	547	419
8	2	392	400
11	2	444	400
12	2	459	421
10	2	478	403
1	2	444	411
11	2	494	447
10	1	449	407
11	2	489	419
1	2	434	405
13	1	536	478
4	2	399	388
1	1	429	414
27	2	444	437
5	1	506	467
2	1	392	390
5	2	506	422
8	1	494	476
13	2	423	413
8	2	500	431
12	2	494	436
24	2	478	430
27	2	513	418
5	2	439	414
17	1	513	465
12	1	489	434
13	2	602	483
12	1	500	447
13	1	463	413
8	2	444	403
9	2	528	439
15	2	489	461
6	2	489	416
9	2	602	490
2	2	444	414
11	2	444	410
13	2	463	442
4	1	439	445
10	2	463	422
20	1	489	428
3	1	412	402
21	1	454	403
13	2	602	450
3	2	478	442
8	1	489	451
8	2	626	538
13	2	500	422
17	2	468	439
11	2	484	430
13	2	489	425
11	2	602	518
12	2	484	450
22	2	418	393
2	2	559	474
13	2	468	430
13	2	463	405
3	2	489	430
3	2	449	430
12	2	484	439
12	2	536	463
8	2	399	402
20	2	528	450
12	1	506	428
10	2	454	419
10	2	463	428
12	2	559	455
13	2	463	437
13	1	434	430
0	2	434	391
12	2	463	422
5	2	463	503
2	1	513	456
12	2	384	467
0	1	626	478
16	2	444	428
13	2	418	419
16	2	484	419
12	1	478	431
11	2	602	503
22	1	412	402
3	1	468	424
7	2	449	400
5	2	536	545
2	2	439	410
3	1	489	436
4	1	559	495
6	2	520	428
12	2	506	470
3	1	520	510
15	2	520	545
0	1	559	463
12	2	506	463
4	2	513	468
14	1	494	448
19	1	454	410
17	2	449	416
1	2	444	414
6	2	602	485
20	1	444	398
8	2	513	445
7	2	489	443
4	2	484	440
4	2	454	390
6	2	489	465
5	2	444	433
3	1	506	431
3	2	463	455
7	2	500	440
11	2	478	472
0	2	478	448
15	1	484	448
5	2	500	476
8	2	459	403
14	2	494	460
15	1	484	437
3	2	576	472
12	2	429	422
10	2	473	407
3	2	602	495
11	2	489	440
5	1	500	427
5	2	454	461
0	2	463	428
2	1	489	434
11	1	473	437
6	1	500	461
5	2	602	465
9	2	478	445
2	1	500	433
11	2	454	410
7	2	489	403
27	2	500	436
17	2	454	408
7	2	444	407
6	2	405	398
0	2	449	437
4	2	444	436
8	1	484	470
13	2	484	430
14	2	463	428
11	2	339	380
13	2	520	472
17	2	463	414
13	2	429	397
12	2	602	455
12	1	489	430
8	2	384	407
6	2	459	398
8	2	459	437
24	2	506	414
11	1	547	492
14	2	536	468
6	2	463	428
6	2	412	388
13	2	478	430
4	1	494	448
5	2	484	410
20	2	506	478
8	1	463	414
7	2	454	393
12	2	423	408
12	2	536	467
6	2	576	495
5	1	547	472
12	2	547	467
2	2	506	453
11	2	454	405
13	2	439	433
6	2	444	405
14	1	473	460
3	2	528	490
2	2	506	448
13	2	459	460
11	2	478	453
10	2	576	465
3	1	489	443
1	1	468	443
4	1	536	463
7	1	500	436
12	1	429	413
13	1	528	453
12	1	478	433
19	1	506	472
5	2	484	400
10	2	444	427
13	2	418	398
9	2	434	407
10	2	528	451
22	2	418	413
0	2	513	500
7	2	405	397
18	1	489	461
12	2	513	428
20	2	439	386
15	2	459	403
4	1	439	436
8	2	429	398
1	2	506	440
12	2	423	418
20	2	494	472
10	2	536	425
24	2	513	410
22	1	559	467
15	2	602	522
1	2	473	427
1	1	547	463
9	2	444	419
2	2	429	393
15	2	536	463
6	2	454	393
13	2	454	461
3	2	405	382
7	1	484	433
4	1	500	460
3	2	484	428
10	2	489	467
6	1	405	403
2	2	478	411
14	2	626	532
4	2	454	428
4	2	439	414
14	1	513	428
5	1	520	430
7	2	418	378
6	1	536	455
17	2	489	424
13	2	559	424
4	1	520	463
5	2	405	402
12	2	405	380
5	2	454	425
1	2	489	450
1	1	444	470
2	1	449	425
1	2	500	434
11	1	423	397
13	2	484	431
13	2	444	425
4	1	528	483
12	2	405	395
5	2	459	447
16	1	513	476
3	2	547	487
20	2	459	427
3	1	489	443
4	1	506	458
11	2	494	430
6	2	506	431
1	1	494	445
12	1	412	402
15	1	602	500
13	2	576	460
5	1	500	456
24	2	468	422
4	2	484	403
13	1	489	451
13	2	405	398
15	2	478	418
12	2	429	403
10	2	444	416
5	2	494	413
14	1	459	461
4	1	454	451
6	2	547	437
12	2	528	437
16	2	602	474
9	2	444	398
17	2	468	424
3	2	513	436
1	1	473	413
0	2	473	403
13	2	547	425
3	2	473	403
4	2	454	414
2	1	500	460
2	2	423	402
3	2	513	427
9	1	412	393
7	2	449	397
9	2	468	428
11	2	506	448
8	2	500	428
22	2	463	439
7	2	459	440
8	2	506	472
1	2	468	422
18	2	449	408
11	2	449	402
0	2	494	428
10	2	429	428
6	2	506	456
10	2	468	433
10	2	484	437
15	2	494	450
11	2	439	398
5	2	463	425
0	2	439	402
12	2	506	455
10	2	454	436
10	2	489	416
16	2	439	433
5	2	484	425
0	2	484	422
1	1	528	434
2	2	494	450
7	2	506	433
6	2	405	402
11	2	484	425
13	2	576	510
16	2	463	425
17	2	468	414
14	2	559	430
8	1	478	431
6	2	478	436
1	2	513	427
10	2	576	492
11	2	536	472
1	2	528	442
6	1	463	413
12	2	536	439
19	1	449	453
13	2	478	428
27	1	478	422
11	2	528	476
0	1	444	421
13	1	506	455
0	2	439	414
22	2	429	425
21	1	478	402
8	1	412	397
4	1	547	455
21	2	423	439
12	1	494	427
4	2	494	437
12	1	626	490
8	2	478	410
10	2	444	418
3	1	459	408
8	2	500	397
14	2	444	439
24	2	513	430
2	2	513	430
13	2	434	428
11	2	536	455
8	2	444	451
5	1	429	413
10	2	559	437
12	2	536	487
1	2	449	439
24	2	602	451
5	2	468	431
24	2	547	456
16	2	506	430
6	1	576	470
2	1	520	434
13	2	489	428
10	2	520	476
6	2	449	410
3	1	528	461
8	1	405	378
3	1	520	480
13	2	513	425
0	2	506	445
14	2	500	437
8	2	478	424
17	2	500	431
1	2	528	450
13	2	536	439
5	1	576	424
0	2	473	427
4	2	494	442
13	2	536	461
15	2	513	436
4	2	489	448
8	2	536	465
15	1	484	497
11	1	506	425
8	2	444	442
0	2	444	407
12	2	513	425
16	2	434	434
5	1	547	532
13	2	478	427
3	2	473	403
2	2	559	451
24	2	463	448
4	1	484	427
12	2	439	418
0	2	418	390
13	2	528	421
8	2	429	405
8	1	459	439
12	1	399	400
11	2	463	405
8	2	478	436
2	2	468	416
8	2	489	414
13	2	489	418
12	2	536	447
9	2	559	497
3	1	439	397
24	2	547	437
8	1	439	436
1	2	468	427
11	1	547	472
14	2	520	468
14	1	536	450
4	2	463	431
17	2	444	400
9	2	454	419
7	2	365	391
0	1	489	434
6	1	478	436
13	2	454	442
11	2	547	437
8	1	513	451
8	2	412	411
1	2	463	433
5	1	473	451
12	2	536	522
6	1	449	402
13	2	423	408
8	2	405	386
13	2	444	411
16	2	626	465
12	2	468	433
11	2	423	411
12	2	434	403
5	2	375	382
12	1	506	447
17	2	463	414
1	1	473	416
3	2	484	403
16	2	528	565
16	1	500	445
12	2	506	431
13	2	429	425
5	2	536	443
8	2	528	421
6	1	576	492
5	2	449	407
4	2	506	439
11	2	459	416
8	2	429	398
8	2	439	419
13	2	412	402
12	1	468	430
9	2	559	455
16	1	602	514
21	2	626	485
13	2	536	461
5	1	576	453
0	1	449	422
5	1	484	433
21	2	468	434
6	2	528	431
8	2	513	455
13	2	500	410
10	1	434	400
10	2	489	467
10	2	484	467
15	2	459	453
0	1	576	497
1	2	520	483
8	2	412	397
22	2	520	442
6	2	536	474
13	2	434	393
12	2	559	455
13	2	429	434
13	2	463	416
16	2	444	422
16	2	602	565
15	2	576	461
3	2	494	467
17	2	520	418
11	1	478	427
16	2	494	465
7	2	520	458
24	2	528	431
6	1	489	442
1	1	434	397
14	1	602	453
14	1	489	460
8	2	602	440
8	1	478	428
18	2	494	428
20	1	449	386
1	2	536	467
14	1	576	470
8	2	459	418
5	2	449	403
1	2	473	433
15	2	506	422
17	2	454	416
6	2	500	425
2	1	434	419
4	2	429	413
9	2	478	425
7	2	484	414
10	2	468	434
7	2	418	398
12	1	536	451
5	2	449	398
9	2	520	492
1	1	459	428
18	2	536	518
11	2	520	443
13	2	489	431
14	1	459	450
10	2	500	436
5	1	576	485
12	2	489	433
17	2	392	407
2	1	513	447
8	2	444	405
1	1	473	463
11	2	489	448
9	2	602	538
1	2	513	439
12	2	468	424
1	1	429	393
4	2	454	403
7	2	454	416
9	1	454	398
1	1	405	408
17	2	418	393
0	2	454	447
1	1	405	430
8	2	384	393
10	2	489	421
11	2	478	461
2	1	559	458
1	2	459	395
13	2	463	419
12	2	454	411
4	1	559	463
6	1	494	427
11	2	418	395
8	2	473	445
17	2	473	425
13	2	494	411
12	2	454	413
10	2	478	474
7	2	439	395
15	2	513	467
11	2	384	398
12	2	536	476
2	2	468	428
10	2	392	398
3	2	429	427
0	2	434	424
5	2	454	411
13	2	444	391
8	1	626	510
1	1	434	434
6	1	602	453
6	1	454	400
12	2	444	453
9	1	429	393
12	2	434	410
4	2	494	433
6	2	506	470
2	2	576	483
10	1	520	465
2	2	429	388
20	2	489	439
5	2	494	443
3	2	513	476
8	2	547	497
5	1	418	422
3	2	494	497
6	2	506	451
24	2	576	443
14	2	423	428
12	2	559	507
13	2	473	451
0	2	506	439
17	2	429	431
15	1	454	422
0	2	473	416
15	1	468	437
3	2	626	474
13	2	520	451
13	2	484	428
12	2	576	461
14	2	478	470
5	2	576	410
12	2	520	437
2	2	463	431
9	2	444	410
16	2	454	416
0	2	449	407
0	2	520	478
15	1	559	463
8	2	459	410
11	2	484	428
14	2	454	416
20	1	439	411
6	2	500	453
0	1	547	474
4	2	528	455
6	1	429	407
5	2	528	483
3	2	478	437
6	1	513	460
3	2	489	545
11	2	489	443
12	2	454	416
19	1	459	442
11	2	489	427
14	1	528	470
13	2	528	478
12	2	513	427
17	2	463	419
24	2	626	518
6	1	489	431
0	2	468	503
2	2	528	440
21	2	506	419
21	1	463	419
8	2	494	450
10	1	444	425
14	1	528	458
13	2	468	434
21	1	463	440
6	2	434	413
10	1	463	437
2	1	520	434
22	1	459	436
8	1	513	455
21	1	478	427
6	1	473	422
10	2	576	485
9	2	626	440
10	1	484	442
19	1	494	445
10	2	473	428
11	2	392	418
16	2	494	425
13	2	429	427
17	2	484	433
3	2	494	436
16	2	547	510
10	2	478	416
16	2	468	460
6	2	454	416
13	1	468	433
10	2	473	470
8	1	559	458
7	2	547	433
12	1	454	436
15	2	536	451
4	1	473	456
9	2	506	455
2	1	513	428
14	2	454	456
14	1	484	458
6	2	528	447
10	2	500	474
4	2	500	439
10	1	449	419
11	2	399	411
12	1	444	424
8	2	354	391
6	2	423	422
11	2	484	427
0	2	528	436
3	2	494	538
11	2	468	424
2	2	536	428
4	1	429	402
12	1	528	461
6	1	559	458
17	1	473	456
2	2	449	422
2	1	536	480
6	2	468	419
6	2	439	416
11	2	547	605
15	2	528	439
12	2	444	414
3	2	484	439
20	2	500	422
10	1	468	424
5	2	478	391
13	2	547	437
13	2	520	476
6	2	463	418
3	1	602	465
13	2	473	419
0	2	520	450
10	2	547	450
1	2	484	445
8	1	513	437
6	1	559	474
0	2	506	421
8	1	506	453
5	1	513	445
15	1	520	474
12	2	520	474
16	1	494	468
14	2	478	463
12	2	513	431
12	2	434	390
5	1	478	433
13	1	454	436
5	1	473	419
18	1	494	450
3	2	536	474
24	2	489	448
8	2	520	442
14	2	506	460
0	2	536	439
11	2	473	433
8	2	559	424
8	1	468	425
12	2	463	402
13	2	506	419
9	1	500	538
9	2	468	427
19	1	473	443
13	2	576	503
13	2	489	422
13	2	473	421
4	1	506	483
1	2	520	421
7	2	412	433
13	2	484	456
12	2	412	393
10	2	500	451
13	1	478	419
13	2	444	425
20	2	494	461
12	2	559	500
16	1	547	490
12	1	528	503
7	1	602	483
8	2	463	395
13	2	500	447
8	2	405	384
6	1	473	408
16	2	423	418
0	2	418	431
3	2	520	442
2	2	429	400
3	1	559	455
3	1	626	527
8	2	423	419
6	2	405	410
3	1	520	463
5	2	484	430
12	2	489	422
15	1	478	421
12	2	520	460
0	2	536	458
3	2	418	413
12	2	412	403
2	2	392	380
3	2	449	395
12	2	463	450
5	2	506	443
27	2	423	407
4	1	520	460
14	2	520	442
22	1	489	447
1	1	484	443
21	2	478	390
8	1	473	411
11	2	489	442
7	1	484	460
18	2	454	408
1	1	434	413
12	2	459	421
21	1	473	411
10	2	459	439
12	2	528	414
12	1	559	500
6	2	576	463
2	2	489	445
9	2	536	436
12	1	602	554
21	2	478	440
5	1	439	405
6	2	547	460
1	1	392	395
8	2	454	436
5	2	449	433
11	2	449	408
12	1	520	445
10	1	536	461
0	2	478	421
2	2	468	411
12	2	459	434
1	1	434	397
17	2	439	413
21	1	468	430
16	1	536	461
10	2	528	453
17	1	500	447
6	1	500	450
3	2	576	460
7	2	559	468
12	2	463	431
13	2	559	437
19	2	547	465
10	2	444	414
20	2	449	467
7	2	506	447
20	2	506	465
3	2	405	395
22	2	429	424
1	2	528	458
15	1	473	433
0	2	459	411
1	1	500	414
8	2	463	408
10	1	463	427
10	1	478	458
1	1	463	418
20	2	418	403
1	1	473	408
8	2	478	431
3	2	454	405
19	2	500	434
14	2	528	467
1	2	478	443
15	2	463	448
10	2	536	485
11	2	520	405
5	2	449	424
13	2	468	413
18	2	500	433
12	2	506	436
0	1	500	447
10	2	520	445
1	2	506	410
6	2	536	447
2	2	576	448
12	1	375	388
6	2	520	443
20	2	547	458
8	2	489	460
1	1	484	414
14	2	459	445
8	1	429	393
13	2	459	410
5	2	484	428
1	2	520	410
13	2	484	450
13	2	506	439
11	2	520	490
6	2	513	437
8	1	484	393
27	1	468	430
12	2	449	421
8	1	536	492
6	2	444	382
17	2	528	465
16	2	528	448
0	2	449	448
0	2	478	425
0	2	478	411
7	2	444	434
13	2	449	411
3	2	478	439
7	2	500	453
8	2	489	419
3	2	513	433
1	2	500	439
10	2	494	440
17	2	528	472
2	1	463	422
11	1	454	443
3	1	429	405
3	2	468	410
7	2	384	410
22	2	423	398
12	1	494	440
16	2	500	439
3	2	489	437
10	2	444	424
3	1	439	419
22	1	423	397
4	2	576	554
1	2	444	407
10	1	536	485
6	2	459	397
8	2	429	421
8	1	500	428
16	2	520	492
1	1	449	398
1	1	418	391
22	2	423	397
1	2	520	439
9	2	484	474
12	2	500	437
13	2	454	416
13	2	473	414
2	1	468	430
7	2	418	397
1	1	429	413
8	2	478	445
15	2	473	422
13	2	484	436
8	2	423	400
21	1	459	422
13	2	547	492
14	1	513	445
6	1	489	425
6	2	478	428
12	1	454	437
14	1	494	465
8	1	463	440
5	2	473	427
12	2	418	403
6	1	468	427
3	2	444	437
5	1	528	468
10	2	547	443
12	2	489	410
6	2	478	427
12	2	576	458
27	2	478	448
11	2	506	467
13	2	484	431
3	2	494	450
8	1	405	398
7	1	489	410
13	2	484	455
3	2	478	434
16	1	478	476
12	2	489	439
3	2	489	402
11	1	405	402
15	1	528	538
0	2	418	414
5	2	459	437
0	2	434	428
27	1	454	421
6	2	429	393
8	1	602	497
0	2	405	390
12	2	506	450
14	2	484	445
4	2	454	428
22	2	459	410
12	2	536	478
3	2	513	467
1	1	392	402
1	2	513	427
12	2	520	480
13	1	500	453
1	1	506	437
15	2	528	456
9	2	423	398
22	2	513	430
6	2	405	407
0	2	468	408
13	2	439	414
10	2	418	398
12	2	454	408
7	1	459	418
2	2	478	413
5	1	418	411
3	1	384	398
6	1	602	439
13	2	520	455
17	2	429	413
0	2	449	456
10	1	484	461
8	2	484	436
13	2	423	418
5	2	463	421
0	2	463	431
6	2	489	465
0	1	602	527
11	1	468	428
8	2	473	455
13	2	392	395
20	2	536	468
2	2	602	485
3	1	547	490
0	2	434	413
0	1	547	532
4	2	423	397
11	1	478	434
8	2	473	428
3	2	459	413
13	1	468	422
14	1	528	461
12	2	454	410
9	2	473	416
5	2	536	448
9	2	506	453
6	2	513	437
6	2	454	410
11	1	454	437
11	1	500	436
10	2	547	478
6	2	434	390
6	2	444	447
3	2	449	411
12	1	536	447
22	1	478	425
9	2	459	397
1	2	489	425
9	1	429	411
0	1	602	455
4	1	520	470
12	2	489	447
16	2	473	440
5	2	602	456
11	2	468	419
3	1	449	400
24	2	528	514
2	2	506	442
7	2	354	374
7	1	418	405
17	2	429	402
1	2	489	407
5	2	423	414
14	2	528	465
16	2	454	425
11	2	473	433
5	2	494	434
3	2	463	465
8	2	454	418
15	2	626	545
20	2	536	490
6	1	547	453
11	2	434	393
12	2	520	443
2	2	494	431
22	2	454	433
3	1	602	458
4	2	506	421
0	2	439	398
14	1	399	393
14	2	494	440
6	1	520	442
4	2	506	458
10	1	484	427
5	1	559	439
13	2	513	456
12	1	602	451
12	2	459	418
0	2	494	455
7	2	500	490
16	2	547	503
16	2	520	439
11	2	494	445
11	2	494	455
15	1	454	433
24	2	559	470
3	2	463	398
15	2	528	460
11	1	500	451
16	2	626	455
6	2	489	421
1	2	478	445
13	2	459	434
9	2	576	460
10	1	513	440
20	2	459	428
11	2	444	427
7	2	434	386
13	1	520	428
0	2	468	414
13	2	429	400
1	1	459	440
11	1	468	456
10	2	536	485
13	2	449	410
17	2	444	442
11	2	463	470
13	2	412	388
3	1	576	518
7	2	449	407
14	2	494	408
1	2	484	433
12	2	468	393
15	1	547	465
3	2	489	403
14	2	463	422
11	2	405	411
9	1	468	445
8	2	473	414
6	2	444	414
16	1	489	447
11	1	576	450
15	1	528	461
27	2	528	450
3	2	454	403
1	2	459	422
14	2	439	425
2	1	520	450
0	2	478	461
7	1	528	465
3	2	444	408
8	2	489	455
5	2	468	413
12	1	473	447
13	2	576	497
6	2	494	424
12	2	576	465
13	2	459	434
14	1	536	460
10	2	439	405
12	2	528	440
6	2	559	455
15	2	463	428
2	2	468	422
2	1	473	451
4	2	506	434
1	2	489	448
10	2	473	430
7	1	484	453
8	1	547	447
20	1	494	437
8	2	484	461
12	1	449	402
3	2	536	468
2	2	454	413
21	1	489	428
10	2	489	427
13	2	576	497
1	2	494	434
0	2	473	439
13	1	478	437
12	2	473	431
12	2	494	407
11	2	547	456
8	2	520	425
5	1	500	445
11	2	392	388
0	2	478	425
12	1	506	443
8	2	500	419
2	2	459	419
10	2	473	425
12	2	547	554
11	1	500	437
7	2	468	421
15	1	576	437
8	1	489	421
0	2	528	456
12	2	547	443
1	1	478	437
8	2	439	395
9	2	468	421
2	1	463	434
8	2	375	386
19	1	536	470
24	2	576	503
0	2	454	410
3	2	520	414
9	2	468	421
4	1	506	470
22	1	513	425
6	2	392	400
11	2	489	413
12	2	536	453
2	2	473	402
2	1	463	434
6	1	405	400
0	2	559	458
7	1	449	421
8	1	463	421
9	1	423	400
11	2	399	400
11	2	506	455
6	1	444	413
5	2	429	419
12	2	528	445
3	2	626	474
13	2	494	474
3	1	434	405
12	1	478	411
7	2	513	455
0	2	489	436
9	2	489	448
6	1	489	411
2	1	559	485
5	1	506	480
13	2	459	407
8	2	429	410
8	1	547	436
27	2	489	425
12	2	439	427
14	2	489	451
6	1	463	421
13	2	412	386
8	2	494	431
6	2	429	400
16	1	547	467
14	1	602	487
11	2	484	424
7	2	528	458
11	2	520	450
9	1	559	424
22	2	439	428
3	1	528	453
7	2	536	472
3	2	500	480
27	2	489	463
0	2	444	408
11	2	520	434
3	1	423	400
11	2	489	492
13	2	399	402
5	1	478	440
3	2	444	413
1	1	489	418
12	2	506	470
8	1	547	447
12	2	484	447
12	2	547	460
13	2	459	419
12	1	602	439
4	2	459	421
6	2	412	390
12	2	454	410
16	1	547	495
9	1	547	500
0	2	489	395
1	1	434	414
16	2	478	424
9	2	439	408
2	2	473	413
6	2	412	414
4	1	513	463
12	2	506	422
6	1	429	407
6	2	536	461
2	2	478	416
13	2	468	427
9	2	478	411
5	2	468	413
6	1	449	413
0	2	434	405
9	2	454	391
8	2	484	416
0	2	484	411
9	2	484	458
13	2	434	407
8	1	459	439
12	2	418	382
18	2	423	397
5	2	434	428
1	2	449	424
8	1	484	437
8	2	559	442
13	2	484	447
13	1	463	427
3	2	434	386
13	2	459	490
10	1	484	436
9	2	494	442
0	2	439	390
10	2	513	434
5	2	500	451
13	2	459	427
1	1	520	483
8	2	454	425
5	2	444	425
10	2	559	425
3	1	444	407
6	2	513	427
3	2	463	411
5	2	399	397
6	2	434	400
8	1	473	434
13	2	559	545
3	2	412	403
15	1	602	545
8	1	506	478
18	1	520	443
11	2	478	388
21	1	559	483
11	2	468	413
10	2	468	437
12	2	520	487
11	2	468	456
12	2	423	393
15	2	478	450
6	1	547	487
11	2	513	436
8	2	429	384
10	2	478	433
20	2	576	440
1	1	405	403
0	2	536	522
11	2	423	397
15	1	463	440
24	2	528	411
7	1	536	490
13	1	463	414
9	1	418	395
6	2	418	393
6	2	463	425
4	2	478	437
8	2	444	410
14	1	506	434
4	1	454	416
11	2	494	437
5	1	559	424
11	2	576	442
20	2	473	411
10	2	473	402
15	1	463	422
15	2	468	428
12	2	626	461
10	2	418	416
9	2	468	461
22	2	444	424
14	2	547	470
12	2	494	460
8	1	473	433
14	1	576	518
3	1	473	436
24	2	626	461
11	2	494	460
7	1	489	467
6	1	494	413
1	2	418	390
10	2	500	440
5	2	536	425
14	2	473	442
3	2	444	436
5	1	559	492
12	2	423	408
15	1	468	437
8	2	528	439
12	2	423	393
11	1	484	421
10	2	536	458
1	1	520	431
14	1	576	510
8	2	459	408
0	2	439	388
12	2	547	478
11	1	473	410
11	1	484	440
10	2	463	434
3	1	429	430
3	2	468	411
11	2	513	472
5	2	484	439
20	2	454	407
13	2	478	443
2	2	454	402
10	2	392	400
11	2	339	390
9	2	520	447
12	1	576	545
11	2	494	472
18	1	626	467
13	2	468	422
1	1	434	403
3	1	444	430
9	2	489	440
5	2	429	397
3	2	468	456
16	2	506	425
10	2	459	431
1	2	429	393
6	1	536	474
1	1	423	397
13	2	494	448
13	2	602	465
11	1	449	408
12	2	423	402
12	2	405	380
13	2	547	487
17	2	429	422
16	1	576	490
0	2	536	440
5	2	439	405
7	2	547	487
13	2	468	434
8	1	513	447
2	1	559	465
17	1	528	465
12	2	429	397
1	2	454	419
5	2	473	447
19	2	520	483
17	2	444	390
10	2	559	510
13	2	528	439
1	2	528	443
2	2	559	450
8	1	423	414
21	1	513	500
7	2	459	416
3	2	576	468
5	2	536	413
10	2	547	445
19	1	494	458
12	2	434	416
19	2	494	439
17	2	500	425
10	2	489	414
7	2	559	472
21	2	473	451
1	2	459	407
17	2	528	447
18	2	520	437
13	2	399	397
8	2	439	434
16	2	473	418
2	2	418	398
14	2	484	433
8	2	489	455
1	1	468	416
8	2	478	434
13	2	478	456
14	2	559	470
3	2	484	445
8	2	468	456
2	2	365	391
7	2	412	413
6	1	484	442
13	2	602	492
0	1	405	384
19	1	473	430
14	2	459	443
10	2	444	428
17	2	429	405
20	2	444	413
8	2	528	434
6	2	473	437
10	2	500	453
15	1	439	440
2	1	513	405
5	1	439	419
17	2	494	437
15	2	559	437
12	1	506	443
8	1	489	428
2	2	439	407
0	2	478	425
6	1	429	442
11	2	463	433
12	2	454	403
11	2	463	472
14	1	576	500
13	2	473	422
17	2	449	421
10	2	547	463
0	2	576	480
0	2	434	405
5	2	459	425
11	2	449	419
15	2	463	440
8	1	506	428
22	2	478	424
1	2	434	407
21	2	454	421
21	1	449	416
9	2	520	450
22	2	449	418
16	2	506	437
15	1	478	451
8	2	506	419
20	2	547	434
2	1	423	395
13	2	559	490
14	2	423	413
13	2	468	442
1	1	423	390
13	1	412	408
8	1	473	425
5	1	444	408
12	2	454	413
7	1	434	395
12	2	528	460
11	1	478	408
3	1	399	390
1	1	528	605
8	1	484	448
6	1	468	422
8	1	559	483
0	2	513	437
24	2	478	431
2	2	449	421
