1	2	14	9
1	2	16	9
1	1	10	9
1	1	10	5
1	1	12	8
1	2	16	8
1	2	17	9
1	2	10	5
1	1	12	3
1	1	11	5
1	2	6	5
1	2	5	5
1	1	11	6
1	1	12	5
1	1	14	5
1	2	12	1
1	2	8	4
1	2	0	1
1	1	8	1
1	1	10	3
1	2	8	5
1	2	12	6
1	1	3	1
1	1	8	5
1	1	3	5
1	2	9	2
1	2	15	7
1	1	7	4
1	1	12	5
1	1	13	7
1	2	12	6
1	1	12	3
1	1	8	4
1	1	12	6
1	2	10	6
1	2	14	8
1	1	12	8
1	1	8	6
1	1	16	9
1	2	16	8
1	2	17	9
1	2	13	8
1	1	12	5
1	1	12	7
1	2	14	6
1	2	13	6
1	2	10	2
1	1	8	3
1	1	12	6
1	2	14	5
1	2	14	5
1	1	12	8
1	1	14	8
1	1	15	7
1	2	14	3
1	2	5	2
1	1	8	3
1	1	9	4
1	1	14	1
1	2	12	6
1	2	12	4
1	1	13	6
1	1	12	6
1	1	11	6
1	2	16	8
1	2	17	8
1	2	14	9
1	1	16	10
1	1	16	10
1	2	11	4
1	2	12	5
1	1	12	6
1	1	11	7
1	2	12	9
1	2	12	2
1	2	12	5
1	1	8	4
1	1	7	6
1	2	11	5
1	2	12	5
1	1	11	8
1	1	12	5
1	1	13	8
1	2	20	9
1	2	16	10
1	1	9	3
1	1	12	6
1	1	16	9
1	2	11	4
1	2	4	1
1	1	9	3
1	1	10	3
1	1	14	6
1	2	11	2
1	2	7	5
1	2	3	4
1	1	10	4
1	1	12	5
1	2	16	9
1	2	10	4
1	2	15	5
1	1	14	6
1	1	12	8
1	2	14	9
1	2	14	3
1	2	12	6
1	1	12	4
1	1	16	6
1	2	20	6
1	2	16	10
1	2	18	6
1	1	12	6
1	1	12	3
1	2	12	6
1	2	20	10
1	1	12	7
1	1	17	6
1	2	11	6
1	2	12	7
1	1	12	5
1	1	8	4
1	1	12	4
1	2	12	2
1	2	16	6
1	2	9	3
1	1	11	4
1	1	15	5
1	2	11	1
1	2	13	5
1	1	8	4
1	1	16	6
1	1	13	6
1	2	10	3
1	2	12	6
1	1	10	8
1	1	12	5
1	1	7	5
1	2	8	3
1	2	9	6
1	1	12	5
1	1	12	7
1	1	12	4
1	2	16	9
1	2	19	9
1	2	18	9
1	1	13	8
1	1	15	10
1	2	11	6
1	2	13	7
1	2	20	10
1	1	12	5
1	1	13	8
1	2	16	7
1	2	12	9
1	2	14	9
1	1	16	10
1	1	10	10
1	2	13	6
1	2	8	6
1	1	13	7
1	1	12	6
1	1	14	8
1	2	12	5
1	2	7	6
1	1	9	9
1	1	11	9
1	1	12	7
1	2	13	5
1	2	12	8
1	1	12	7
1	1	11	5
1	1	20	7
1	2	20	7
1	2	16	8
1	1	15	8
1	1	13	5
1	1	12	8
1	2	14	4
1	2	14	4
1	1	10	7
1	1	10	5
1	1	12	6
1	2	12	6
1	2	10	5
1	1	12	5
1	1	13	6
1	1	15	8
1	2	11	5
1	2	8	6
1	1	11	4
1	1	10	4
1	1	15	3
1	2	9	4
1	2	16	6
1	1	13	9
1	1	12	4
1	2	11	6
1	2	12	1
1	1	12	2
1	1	15	10
1	1	8	7
1	2	20	6
1	2	10	6
1	1	12	7
1	1	16	10
1	1	14	10
1	2	6	5
1	2	11	8
1	1	16	10
1	1	8	6
1	1	12	6
1	2	12	4
1	2	8	3
1	2	8	3
1	1	10	5
1	1	10	3
1	2	16	9
1	2	18	9
1	2	12	6
1	1	17	8
1	1	12	8
1	2	12	4
1	2	12	7
1	2	7	4
1	1	13	7
1	1	16	9
1	2	12	6
1	2	4	2
1	2	8	4
1	1	6	4
1	1	11	6
1	2	12	3
1	2	13	10
1	1	12	9
1	1	10	7
1	1	12	4
1	2	13	5
1	2	11	4
1	2	7	3
1	1	9	8
1	1	16	9
1	2	20	9
1	2	17	10
1	1	12	10
1	1	16	9
1	1	12	6
1	2	8	4
1	2	18	9
1	1	13	2
1	1	13	6
1	1	10	4
1	2	11	8
1	2	10	8
1	2	9	3
1	1	11	4
1	1	12	5
1	2	13	7
1	2	8	4
1	1	13	5
1	1	12	5
1	2	7	5
1	1	12	3
1	1	12	7
1	1	8	5
1	2	11	4
1	2	18	7
1	1	12	7
1	1	9	6
1	1	12	9
1	2	14	8
1	2	15	8
1	1	12	5
1	1	12	8
1	1	12	7
1	2	0	3
1	2	16	7
1	1	9	5
1	1	12	7
1	1	12	7
1	2	14	7
1	2	11	10
1	2	8	9
1	1	12	1
1	1	12	6
1	2	13	8
1	2	12	7
1	1	10	8
1	1	12	8
1	2	14	6
1	2	12	7
1	2	12	6
1	1	12	10
1	1	17	10
1	2	8	4
1	2	19	9
1	1	12	9
1	1	15	8
1	1	13	10
1	2	12	5
1	2	12	5
1	2	12	7
1	1	12	7
1	1	13	6
1	2	12	9
1	2	12	5
1	2	12	5
1	1	12	6
1	1	12	4
1	2	12	7
1	2	12	6
1	1	16	6
1	1	12	5
1	2	13	5
1	2	18	5
1	1	15	8
1	1	12	4
1	2	16	7
1	2	18	7
1	1	14	6
1	1	12	6
1	1	13	8
1	2	11	7
1	2	8	5
1	1	6	4
1	1	14	8
1	1	15	10
1	2	12	7
1	2	3	2
1	1	6	3
1	1	7	4
1	1	8	4
1	2	14	7
1	2	13	7
1	1	12	7
1	1	8	4
1	1	12	9
1	2	12	6
1	2	16	7
1	2	16	7
1	1	14	10
1	1	14	9
1	2	12	4
1	2	12	4
1	1	12	5
1	1	12	6
1	1	10	4
1	2	13	7
1	2	7	3
1	2	7	7
1	1	11	5
1	1	12	4
1	2	13	7
1	2	10	6
1	2	17	10
1	1	18	9
1	1	12	9
1	2	11	1
1	2	8	6
1	1	5	5
1	1	8	4
1	1	13	6
1	2	12	5
1	2	12	4
1	2	8	5
1	1	12	6
1	1	15	5
1	2	12	2
1	2	4	6
1	1	6	3
1	1	12	5
1	1	18	6
1	2	14	9
1	2	10	7
1	1	15	8
1	1	11	6
1	1	15	10
1	2	14	6
1	2	13	7
1	1	12	6
1	1	13	4
1	1	12	4
1	2	17	10
1	2	18	7
1	2	18	8
1	1	12	4
1	1	18	9
1	2	10	3
1	2	6	7
1	2	6	2
1	1	7	5
1	1	11	4
1	2	13	6
1	1	12	6
1	1	10	5
1	1	8	3
1	2	16	6
1	2	12	7
1	2	19	8
1	1	12	10
1	1	17	10
1	2	9	4
1	2	5	3
1	1	8	4
1	1	6	6
1	1	5	2
1	2	12	6
1	2	8	8
1	2	8	5
1	1	8	5
1	1	12	5
1	2	14	8
1	2	14	7
1	2	5	2
1	1	12	5
1	1	16	7
1	2	18	10
1	2	16	8
1	1	14	10
1	1	14	9
1	1	17	7
1	2	10	3
1	2	10	9
1	1	12	7
1	1	12	9
1	1	12	6
1	2	14	10
1	2	16	9
1	2	16	9
1	1	10	4
1	1	10	5
1	2	12	6
1	2	8	4
1	2	12	9
1	1	12	6
1	1	13	7
1	2	9	3
1	2	12	7
1	1	10	6
1	1	12	10
1	1	11	5
1	2	16	10
1	2	20	8
1	1	5	6
1	1	12	6
1	1	14	4
1	2	15	6
1	2	16	7
1	2	10	1
1	1	12	6
1	1	12	5
1	1	9	8
1	2	16	10
1	2	16	9
1	1	16	7
1	1	16	9
1	1	16	10
1	2	12	7
1	2	12	6
1	1	12	6
1	1	9	3
1	1	13	6
1	2	16	6
1	2	11	7
1	1	10	8
1	1	11	5
1	1	14	7
1	2	12	5
1	2	12	7
1	1	12	5
1	1	11	4
1	1	12	1
1	2	10	3
1	2	10	4
1	1	11	3
1	1	13	4
1	1	13	4
1	2	13	6
1	2	13	5
1	2	12	6
1	1	12	7
1	1	15	6
1	2	12	6
1	2	15	7
1	1	13	6
1	1	12	6
1	2	11	5
1	2	13	7
1	1	15	7
1	1	10	5
1	1	12	3
1	2	12	6
1	2	9	5
1	1	8	5
1	1	11	6
1	1	11	4
1	2	12	7
1	2	12	8
1	1	12	7
1	1	10	4
1	1	12	7
1	2	13	7
1	2	12	5
1	2	13	9
1	1	12	9
1	1	12	9
1	2	14	5
1	2	8	7
1	1	8	5
1	1	12	9
1	1	16	9
1	2	20	9
1	2	10	5
1	2	9	6
1	1	12	6
1	1	12	6
1	2	12	5
1	2	5	4
1	2	9	7
1	1	10	5
1	1	9	6
1	2	13	6
1	2	10	8
1	1	12	9
1	1	12	8
1	1	14	8
1	2	12	5
1	2	16	8
1	1	16	8
1	1	14	8
1	1	16	8
1	2	12	3
1	2	9	4
1	1	15	3
1	1	13	7
1	1	12	2
1	2	13	6
1	2	14	6
1	1	16	9
1	1	12	4
1	1	12	7
1	2	12	3
1	2	7	4
1	2	18	7
1	1	9	5
1	1	12	5
1	2	17	5
1	2	9	10
1	1	16	10
1	1	16	8
1	2	14	5
1	2	10	7
1	1	13	9
1	1	15	6
1	1	19	6
1	2	8	5
1	1	9	5
1	1	8	9
1	1	5	8
1	2	12	6
1	1	12	5
1	1	7	6
1	1	14	0
1	2	13	5
1	2	15	10
1	1	12	5
1	1	14	4
1	1	12	10
1	2	14	5
1	2	14	5
1	1	10	9
1	1	5	5
1	1	12	5
1	2	17	7
1	2	12	7
1	2	10	6
1	1	13	6
1	1	12	7
1	2	12	4
1	2	8	4
1	1	12	6
1	1	12	4
1	1	18	7
1	2	16	10
1	1	14	10
1	1	14	6
1	2	12	4
1	2	8	5
1	1	12	6
1	1	12	6
1	1	12	4
1	2	12	6
1	2	8	8
1	1	15	7
1	1	12	7
1	1	12	7
1	2	9	4
1	2	9	3
1	2	10	5
1	1	9	5
1	1	12	7
1	2	12	4
1	2	8	5
1	1	12	3
1	1	12	6
1	1	8	4
1	2	12	5
1	2	8	6
1	1	12	5
1	1	12	7
1	1	12	7
1	2	11	5
1	2	7	5
1	1	9	4
1	1	11	4
1	1	12	7
1	2	13	6
1	2	9	8
1	1	12	5
1	1	8	10
1	1	12	6
1	2	12	5
1	2	12	5
1	2	13	5
1	1	12	8
1	1	12	6
1	2	11	5
1	2	14	7
1	2	8	5
1	1	8	7
1	1	12	5
1	2	13	6
1	2	16	9
1	2	16	8
1	1	15	8
1	1	14	9
1	2	15	3
1	2	12	6
1	1	12	9
1	1	12	7
1	2	12	5
1	2	12	5
1	2	12	6
1	1	10	8
1	1	12	8
1	2	8	5
1	2	12	4
1	1	12	4
1	2	8	8
1	2	11	5
1	1	12	7
1	1	16	10
1	1	10	8
1	2	8	6
1	2	6	2
1	1	8	5
1	1	13	5
1	2	12	5
1	2	20	9
1	1	12	4
1	1	14	10
1	1	14	9
1	2	13	6
1	2	6	4
1	1	0	6
1	1	15	10
1	2	9	6
1	2	10	6
1	1	12	5
1	1	10	5
1	1	12	6
1	2	17	7
1	2	0	3
1	2	8	4
1	1	11	4
1	1	12	6
1	2	16	5
1	2	17	9
1	2	12	6
1	1	12	5
1	1	8	3
1	2	12	6
1	2	8	4
1	1	8	2
1	1	10	3
1	2	14	6
1	2	8	2
1	2	5	3
1	1	8	3
1	1	12	6
1	2	16	6
1	2	17	6
1	1	12	6
1	1	11	6
1	1	8	6
1	2	8	6
1	2	10	7
1	2	12	6
1	1	10	8
1	1	12	6
1	2	17	9
1	2	12	10
1	1	10	6
1	1	17	10
1	1	8	3
1	2	8	7
1	2	10	4
1	1	10	5
1	1	12	7
1	1	13	6
1	2	13	4
1	2	12	5
1	2	14	9
1	1	10	5
1	1	12	6
1	2	16	6
1	2	12	6
1	1	12	4
1	1	12	6
1	1	12	7
1	2	8	1
1	2	12	7
1	1	12	6
1	1	11	4
1	1	8	2
1	2	9	5
1	2	12	6
1	1	12	7
1	1	14	6
1	1	12	6
1	2	12	8
1	2	14	7
1	2	12	9
1	1	12	4
1	1	14	8
1	2	13	6
1	2	8	5
1	2	16	9
1	1	12	5
1	1	16	8
1	2	15	8
1	2	11	7
1	2	8	2
1	1	12	6
1	1	16	7
1	2	13	6
1	2	8	5
1	1	8	2
1	1	12	6
1	1	10	3
1	2	11	4
1	2	10	4
1	2	10	4
1	1	12	6
1	1	12	5
1	2	12	7
1	2	16	10
1	1	14	10
1	1	12	8
1	1	12	10
1	2	14	10
1	1	18	10
1	1	12	10
1	1	17	9
1	2	14	9
1	2	14	5
1	1	14	1
1	1	14	5
1	1	12	5
1	2	17	5
1	2	14	6
1	1	16	10
1	1	15	5
1	1	12	7
1	2	12	9
1	2	16	7
1	2	18	8
1	1	16	8
1	1	16	9
1	2	12	5
1	2	16	8
1	2	10	7
1	1	10	5
1	1	12	8
1	2	12	2
1	2	14	6
1	1	13	7
1	1	16	9
1	1	8	6
1	2	11	5
1	2	18	8
1	2	14	6
1	1	12	7
1	1	12	10
1	2	10	7
1	2	8	6
1	1	12	10
1	1	9	7
1	1	12	5
1	2	12	6
1	2	10	9
1	1	12	7
1	1	12	4
1	1	6	3
1	2	13	5
1	2	12	6
1	2	9	5
1	1	12	6
1	1	12	9
1	2	12	5
1	2	12	8
1	1	12	8
1	1	10	10
1	1	10	4
1	2	14	7
1	2	16	10
1	1	12	5
1	1	12	10
1	1	12	5
1	2	14	6
1	2	7	1
1	1	12	5
1	1	12	6
1	2	13	8
1	2	10	7
1	1	12	8
1	1	12	5
1	1	10	6
1	2	10	4
1	2	10	8
1	1	12	4
1	1	11	8
1	2	12	8
1	2	16	10
1	1	12	10
1	1	12	8
1	1	10	6
1	2	12	5
1	2	12	6
1	1	12	7
1	1	11	6
1	1	12	4
1	2	16	7
1	2	19	9
1	1	17	10
1	1	13	8
1	1	13	8
1	2	17	9
1	1	18	9
1	1	14	10
1	1	12	7
1	1	18	10
1	2	12	7
1	2	16	10
1	1	16	10
1	1	15	4
1	1	14	5
1	2	10	8
1	2	9	6
1	2	18	10
1	1	14	9
1	2	16	6
1	2	10	9
1	1	16	7
1	1	16	9
1	1	16	7
1	2	14	9
1	1	12	0
1	1	12	6
1	1	12	7
1	2	12	6
1	2	14	5
1	1	12	3
1	1	12	6
1	2	14	8
1	2	10	7
1	1	12	6
1	1	16	9
1	1	13	10
1	2	16	8
1	2	16	9
1	1	16	7
1	1	12	8
1	1	16	10
1	2	1	3
1	1	12	6
1	1	12	7
1	2	10	4
1	2	12	5
1	1	14	5
1	1	12	5
1	1	9	7
1	2	14	10
1	2	16	6
1	1	16	10
1	1	15	7
1	1	14	7
1	2	16	10
1	2	18	10
1	1	16	6
1	1	10	5
1	1	16	7
1	2	11	3
1	1	11	3
1	1	9	5
1	1	8	6
1	2	12	7
1	2	7	3
1	1	10	4
1	1	11	2
1	1	12	5
1	2	8	5
1	2	20	10
1	1	6	2
1	1	12	10
1	1	4	4
1	2	12	6
1	2	7	6
1	2	17	8
1	1	10	5
1	1	4	5
1	2	12	5
1	2	11	4
1	1	11	4
1	1	9	2
1	1	10	3
1	2	12	5
1	2	7	4
1	1	3	2
1	1	9	3
1	1	12	5
1	2	12	6
1	2	11	2
1	1	11	2
1	1	12	5
1	2	12	7
1	2	7	5
1	1	8	7
1	1	7	5
1	1	8	7
1	2	12	7
1	2	12	7
1	2	14	7
1	1	12	7
1	1	12	7
1	2	15	5
1	2	14	7
1	2	12	6
1	1	13	10
1	1	16	10
1	2	13	6
1	2	18	6
1	1	12	5
1	1	10	8
1	1	12	6
1	2	12	6
1	2	11	8
1	1	9	4
1	1	13	4
1	1	10	6
1	2	12	6
1	2	10	6
1	1	11	6
1	1	12	5
1	1	12	5
1	2	12	5
1	2	17	10
1	1	12	5
1	1	16	4
1	1	12	4
1	2	12	8
1	2	12	5
1	2	12	7
1	1	11	7
1	1	16	6
1	2	15	8
1	2	8	5
1	1	12	5
1	1	12	5
1	1	10	7
1	2	12	6
1	2	15	6
1	1	7	5
1	1	14	6
1	1	12	4
1	2	12	10
1	2	9	2
1	2	6	2
1	1	12	5
1	1	8	6
1	2	12	6
1	2	7	3
1	2	5	3
1	1	8	4
1	1	8	5
1	2	19	9
1	1	13	2
1	1	12	6
1	1	16	7
1	2	12	5
1	2	8	5
1	2	9	4
1	1	11	1
1	2	15	9
1	2	14	8
1	1	16	10
1	1	7	4
1	1	12	9
1	2	11	5
1	2	9	5
1	1	12	4
1	1	12	7
1	1	12	7
1	2	12	7
1	2	18	7
1	1	12	5
1	1	17	7
1	1	18	9
1	1	16	5
1	2	12	6
1	1	12	8
1	1	6	2
1	1	17	0
1	2	8	4
1	2	8	6
1	1	12	8
1	1	12	5
1	1	17	3
1	2	6	3
1	2	11	5
1	1	11	4
1	1	8	1
1	1	12	5
1	2	11	4
1	2	12	6
1	1	6	5
1	1	12	5
1	1	20	9
1	2	9	0
1	2	11	4
1	1	13	6
1	1	8	10
1	1	10	4
1	2	17	8
1	2	12	8
1	1	13	10
1	1	12	7
1	1	12	6
1	2	13	8
1	2	8	5
1	1	12	6
1	1	12	3
1	1	12	6
1	2	12	7
1	2	13	5
1	1	11	6
1	1	15	4
1	1	12	7
1	2	12	6
1	2	15	10
1	1	16	6
1	1	12	8
1	1	9	5
1	2	7	5
1	2	7	6
1	1	12	6
1	1	7	3
1	1	10	4
1	2	12	8
1	2	12	8
1	2	7	10
1	1	11	9
1	1	12	6
1	2	12	7
1	2	17	10
1	2	16	10
1	1	13	4
1	1	16	10
1	2	13	5
1	2	8	3
1	1	8	2
1	1	12	6
1	1	7	6
1	2	8	5
1	2	16	10
1	1	12	6
1	1	14	8
1	1	12	4
1	2	16	4
1	2	8	2
1	2	8	3
1	1	6	3
1	1	12	6
1	2	13	10
1	1	11	4
1	1	16	7
1	1	12	8
1	2	20	10
1	2	14	9
1	1	12	6
1	1	8	8
1	1	13	8
1	2	16	10
1	2	19	10
1	2	20	10
1	1	12	6
1	1	16	9
1	2	11	4
1	2	8	5
1	2	11	6
1	1	16	9
1	1	12	8
1	2	16	8
1	2	15	9
1	2	8	6
1	1	16	8
1	1	16	10
1	2	11	3
1	2	14	7
1	1	4	4
1	1	10	2
1	1	12	6
1	2	8	3
1	2	10	3
1	1	12	6
1	1	10	4
1	1	12	4
1	2	12	5
1	2	14	7
1	1	12	5
1	1	18	10
1	1	12	8
1	2	14	5
1	2	16	9
1	2	12	6
1	1	12	7
1	1	12	6
1	2	13	8
1	2	12	6
1	2	10	5
1	1	18	10
1	1	12	3
1	2	12	5
1	2	12	8
1	1	9	4
1	1	12	5
1	1	16	8
1	2	8	5
1	2	17	9
1	1	8	5
1	1	12	8
1	1	17	8
1	2	10	7
1	2	11	6
1	1	16	9
1	1	12	5
1	1	15	9
1	2	16	7
1	2	20	9
1	1	16	10
1	1	13	3
1	2	12	1
1	2	5	4
1	1	7	6
1	1	12	5
1	1	14	7
1	2	12	5
1	2	6	0
1	1	11	3
1	1	7	0
1	1	12	2
1	2	16	7
1	2	14	6
1	1	16	5
1	1	12	6
1	1	16	10
1	2	17	8
1	2	12	5
1	1	12	6
1	1	16	7
1	1	12	5
1	2	8	4
1	2	16	10
1	1	4	2
1	1	11	6
1	1	10	4
1	2	11	5
1	2	8	5
1	1	8	4
1	1	12	7
1	1	10	3
1	2	15	8
1	2	8	6
1	1	12	5
1	1	7	2
1	1	12	5
1	2	10	3
1	2	13	2
1	1	8	7
1	1	10	5
1	1	12	8
1	2	17	8
1	2	12	6
1	2	12	7
1	1	12	5
1	1	12	6
1	2	11	10
1	2	12	8
1	2	17	8
1	1	16	10
1	1	16	10
1	2	10	6
1	2	17	10
1	2	12	9
1	1	14	8
1	1	12	7
1	2	9	2
1	2	12	7
1	1	13	6
1	1	17	8
1	1	16	6
1	2	13	7
1	2	11	4
1	1	18	7
1	1	14	6
1	1	12	9
1	2	13	2
1	2	14	7
1	1	14	10
1	1	12	5
1	1	13	6
1	2	12	3
1	2	16	6
1	1	13	6
1	1	12	6
1	1	13	8
1	2	13	6
1	2	14	10
1	1	12	5
1	1	11	7
1	1	14	8
1	2	12	2
1	2	9	4
1	1	12	3
1	1	5	2
1	1	12	4
1	2	13	5
1	1	12	7
1	1	12	5
1	1	12	6
1	2	14	3
1	2	6	6
1	2	3	2
1	1	14	10
1	1	0	5
1	2	9	7
1	2	14	8
1	1	10	4
1	1	12	5
1	1	16	6
1	2	12	4
1	2	14	7
1	1	9	3
1	1	12	4
1	1	13	9
1	2	6	5
1	1	8	5
1	1	9	7
1	1	14	7
1	2	16	6
1	2	9	4
1	1	7	6
1	1	12	5
1	1	10	3
1	2	17	7
1	2	14	4
1	2	19	9
1	1	11	5
1	1	12	6
1	2	6	5
1	2	4	2
1	1	12	6
1	1	6	4
1	1	7	0
1	2	3	1
1	1	4	3
1	1	12	4
1	2	14	1
1	2	7	2
1	2	9	4
1	1	7	2
1	1	10	3
1	2	11	4
1	2	2	0
1	1	10	1
1	1	7	3
1	1	12	7
1	2	7	2
1	1	10	6
1	1	11	2
1	1	12	7
1	2	13	10
1	2	12	7
1	2	14	6
1	1	12	5
1	1	12	5
1	2	14	8
1	2	13	4
1	2	10	3
1	1	11	7
1	1	12	8
1	2	11	5
1	2	12	4
1	1	4	3
1	1	7	3
1	1	13	5
1	2	14	6
1	2	6	4
1	1	16	5
1	1	13	6
1	1	8	6
1	2	12	5
1	2	11	6
1	2	4	2
1	1	11	10
1	1	9	2
1	2	12	7
1	2	12	6
1	1	10	9
1	1	12	7
1	1	15	6
1	2	12	6
1	2	12	8
1	2	8	6
1	1	13	9
1	1	15	10
1	2	8	5
1	2	12	4
1	2	12	9
1	2	12	5
1	1	13	6
1	2	12	5
1	2	9	4
1	1	7	4
1	1	9	3
1	1	6	3
1	2	8	5
1	2	0	3
1	2	8	8
1	1	6	3
1	2	14	8
1	2	12	8
1	1	12	8
1	1	13	8
1	1	17	8
1	2	13	4
1	2	8	0
1	1	12	7
1	1	9	4
1	1	12	7
1	2	12	6
1	2	12	4
1	2	7	7
1	1	12	7
1	1	8	3
1	2	16	5
1	2	12	7
1	1	12	8
1	2	11	6
1	2	8	5
1	1	11	5
1	1	8	5
1	1	11	5
1	2	12	5
1	1	8	3
1	1	17	6
1	1	14	7
1	2	14	6
1	2	8	6
1	1	16	7
1	1	16	7
1	1	12	5
1	2	12	5
1	2	8	4
1	1	10	5
1	1	12	6
1	1	14	6
1	2	16	7
1	2	7	3
1	1	12	8
1	1	12	8
1	1	12	7
1	2	8	8
1	2	8	9
1	1	12	9
1	1	11	7
1	1	16	6
1	2	12	6
1	2	8	4
1	2	12	6
1	1	12	6
1	1	12	7
1	2	14	9
1	2	12	4
1	1	12	6
1	1	5	3
1	1	12	6
1	2	12	5
1	2	12	5
1	1	8	6
1	1	8	6
1	1	12	8
1	2	8	3
1	2	8	5
1	1	8	3
1	1	12	5
1	1	10	6
1	2	20	9
1	2	9	3
1	2	12	4
1	1	12	8
1	1	13	10
1	2	12	5
1	2	12	7
1	2	12	5
1	1	16	9
1	1	12	8
1	2	16	6
1	2	8	8
1	1	12	9
1	1	12	8
1	1	12	5
1	2	12	5
1	2	9	7
1	1	12	6
1	1	12	7
1	2	12	0
1	2	12	2
1	2	12	10
1	2	15	10
1	1	8	5
1	1	13	10
1	2	9	4
1	2	9	3
1	1	12	6
1	1	12	6
1	1	12	5
2	2	16	8
2	2	12	5
2	1	12	5
2	1	14	8
2	2	14	6
2	2	12	6
2	1	12	3
2	1	12	3
2	2	12	4
2	2	10	4
2	1	10	4
2	2	18	5
2	2	13	7
2	1	12	9
2	1	10	3
2	1	3	0
2	2	19	7
2	2	14	7
2	2	18	7
2	2	12	7
2	2	12	6
2	1	12	7
2	2	12	7
2	2	16	6
2	1	16	7
2	1	14	7
2	1	12	1
2	1	16	3
2	2	17	7
2	1	16	6
2	2	16	10
2	1	16	8
2	1	16	7
2	1	12	3
2	2	13	5
2	1	16	7
2	1	16	7
2	1	17	8
2	1	17	10
2	1	10	5
2	2	12	4
2	1	13	7
2	1	11	7
2	2	12	6
2	1	10	4
2	1	11	4
2	1	6	5
2	1	10	6
2	1	14	5
2	2	11	5
2	2	12	8
2	1	18	8
2	1	10	0
2	1	20	10
2	1	18	10
2	2	14	4
2	2	16	6
2	2	12	8
2	1	16	8
2	1	13	4
2	1	12	6
2	2	19	9
2	2	15	9
2	2	16	7
2	2	16	4
2	1	12	8
2	2	12	4
2	1	8	7
2	1	12	5
2	2	11	6
2	2	16	7
2	2	14	6
2	1	20	9
2	1	19	8
2	1	12	7
2	1	18	7
2	2	12	5
2	2	16	9
2	2	15	8
2	1	12	6
2	1	16	7
2	2	20	7
2	2	12	1
2	1	16	6
2	2	12	9
2	1	14	7
2	1	12	7
2	1	16	6
2	1	16	8
2	2	14	6
2	2	14	7
2	1	16	10
2	2	14	7
2	1	12	6
2	2	16	9
2	1	15	8
2	1	18	10
2	2	14	6
2	1	16	4
2	1	13	5
2	2	12	5
2	1	15	5
2	2	18	8
2	1	12	6
2	1	11	3
2	1	13	7
2	1	11	7
2	1	12	5
2	1	14	4
2	1	14	4
2	2	16	3
2	1	12	6
2	2	14	7
2	2	12	3
2	2	13	3
2	2	12	7
2	1	8	4
2	1	1	6
2	1	9	6
2	1	8	6
2	2	9	2
2	2	14	7
2	2	16	7
2	2	15	4
2	2	16	6
2	2	15	7
2	2	12	4
2	2	16	8
2	2	16	7
2	1	20	8
2	1	16	5
2	1	11	6
2	2	14	7
2	2	20	7
2	2	12	6
2	2	15	9
2	2	12	6
2	1	19	7
2	1	16	7
2	1	12	6
2	2	13	7
2	1	12	5
2	2	14	7
2	1	12	6
2	2	16	5
2	2	16	6
2	1	12	5
2	1	18	6
2	2	16	5
2	1	19	8
2	1	16	6
2	2	12	3
2	2	12	4
2	2	14	6
2	1	7	4
2	2	12	6
2	2	12	6
2	1	17	8
2	2	15	9
2	1	12	5
2	2	20	5
2	2	14	8
2	2	12	8
2	2	12	6
2	1	16	6
2	2	13	4
2	2	14	5
2	1	20	9
2	2	12	5
2	1	13	5
2	1	17	7
2	1	16	6
2	1	12	6
2	1	13	5
2	1	18	8
2	1	16	7
2	1	16	5
2	2	16	6
2	1	13	8
2	1	20	8
2	1	14	9
2	2	10	8
2	1	9	7
2	1	14	5
2	1	13	8
2	1	12	8
2	2	14	3
2	1	12	6
2	1	17	7
2	2	19	10
2	2	16	10
2	2	19	4
2	1	11	9
2	1	12	6
2	1	19	10
2	1	16	9
2	2	17	8
2	1	13	3
2	2	13	4
2	2	13	5
2	2	14	8
2	1	19	5
2	1	12	5
2	1	10	4
2	2	16	9
2	1	13	6
2	2	20	9
2	2	16	6
2	2	16	10
2	2	15	6
2	2	12	5
2	2	12	7
2	2	12	4
2	1	16	8
2	1	18	9
2	1	14	6
2	2	14	4
2	1	12	6
2	1	12	3
2	1	16	7
2	2	16	6
2	2	16	8
2	2	15	6
2	2	13	6
2	1	16	5
2	1	18	7
2	1	16	6
2	2	14	6
2	1	12	8
2	2	16	9
2	2	19	7
2	2	20	4
2	1	15	5
2	2	12	5
2	2	12	5
2	1	18	4
2	1	12	5
2	2	12	7
2	2	16	9
2	1	13	8
2	2	12	5
2	2	16	9
2	2	18	10
2	1	12	4
2	2	9	3
2	2	15	6
2	1	13	7
2	1	18	9
2	1	18	6
2	1	14	7
2	1	16	7
2	2	12	3
2	1	16	9
2	1	18	7
2	2	20	7
2	1	16	10
2	2	12	5
2	1	18	6
2	1	16	8
2	1	16	5
2	1	18	6
2	2	14	7
2	1	18	4
2	1	18	8
2	1	16	7
2	2	16	6
2	1	13	8
2	2	12	4
2	2	16	5
2	1	12	7
2	1	20	10
2	1	16	10
2	2	18	9
2	2	19	9
2	2	15	7
2	2	18	9
2	1	12	5
2	1	13	8
2	2	12	6
2	1	14	4
2	2	13	4
2	1	10	5
2	1	12	1
2	1	18	8
2	2	18	5
2	2	18	9
2	2	10	6
2	1	12	5
2	1	16	9
2	2	13	5
2	2	14	6
2	1	11	3
2	2	16	9
2	2	16	9
2	2	12	7
2	1	14	6
2	2	12	6
2	2	12	7
2	2	16	8
2	1	12	7
2	1	14	7
2	1	15	8
2	2	12	7
2	2	17	10
2	1	17	6
2	1	18	6
2	2	12	8
2	1	18	9
2	2	16	10
2	2	16	7
2	1	18	9
2	1	16	5
2	2	16	10
2	2	16	9
2	2	18	6
2	2	13	5
2	1	12	6
2	1	9	6
2	2	16	7
2	1	12	8
2	2	14	9
2	1	12	5
2	1	14	6
2	2	14	8
2	2	20	9
2	1	10	0
2	2	2	4
2	1	12	2
2	2	12	5
2	2	13	6
2	1	12	7
2	1	12	6
2	1	13	5
2	2	12	6
2	2	12	6
2	1	15	6
2	1	16	6
2	1	12	7
2	1	18	8
2	2	12	4
2	2	12	5
2	1	19	6
2	1	17	7
2	1	10	5
2	2	13	4
2	1	20	7
2	2	18	10
2	1	16	10
2	2	17	5
2	1	16	8
2	1	14	7
2	1	16	6
2	1	16	9
2	1	14	7
2	1	16	7
2	2	16	7
2	1	17	7
2	1	12	4
2	2	11	0
2	2	14	8
2	2	13	6
2	1	20	8
2	1	16	3
2	2	12	3
2	1	6	2
2	1	12	3
2	2	12	4
2	2	14	5
2	2	10	6
2	1	12	5
2	1	15	8
2	1	12	7
2	1	12	6
2	2	14	6
2	2	13	5
2	2	16	10
2	2	16	7
2	1	16	7
2	1	12	7
2	1	16	5
2	1	12	2
2	2	16	5
2	2	8	4
2	1	12	7
2	1	12	5
2	2	12	5
2	2	14	6
2	2	12	3
2	2	17	4
2	2	15	6
2	1	20	7
2	2	13	5
2	1	14	4
2	1	13	10
2	2	20	7
2	1	12	5
2	2	12	4
2	1	13	5
2	2	14	5
2	1	20	7
2	2	16	5
2	1	12	0
2	1	11	4
2	1	14	6
2	1	12	3
2	1	20	6
2	1	16	7
2	2	12	7
2	1	12	2
2	1	10	7
2	1	16	7
2	1	16	6
2	1	16	8
2	1	20	8
2	2	11	4
2	2	16	7
2	1	14	6
2	1	14	6
2	2	16	8
2	1	17	8
2	1	12	8
2	1	16	8
2	2	16	5
2	1	12	7
2	1	19	6
2	2	19	6
2	1	16	8
2	1	16	5
2	2	19	6
2	1	13	7
2	1	20	8
2	1	11	3
2	1	13	6
2	2	15	7
2	1	16	5
2	1	19	7
2	1	12	6
2	1	12	5
2	1	12	8
2	1	16	10
2	1	12	5
2	1	12	7
2	1	12	1
2	1	11	5
2	2	16	8
2	2	18	2
2	2	16	8
2	1	3	2
2	2	10	6
2	2	12	4
2	1	12	5
2	2	10	6
2	1	12	5
2	2	9	4
2	2	11	5
2	2	9	7
2	2	7	6
2	1	12	5
2	1	5	6
2	2	11	5
2	2	15	5
2	1	16	5
2	1	12	5
2	1	16	7
2	1	19	7
2	2	9	7
2	2	12	5
2	1	6	7
2	1	18	8
2	1	16	8
2	1	12	4
2	1	6	6
2	1	12	7
2	1	14	6
2	1	12	7
2	2	17	6
2	1	12	8
2	2	12	6
2	2	14	6
2	1	16	6
2	2	14	6
2	1	13	5
2	2	15	7
2	2	14	6
2	1	16	6
2	1	13	4
2	2	12	6
2	1	13	3
2	1	13	5
2	1	6	2
2	2	16	7
2	2	18	5
2	2	16	8
2	1	14	5
2	1	14	6
2	1	10	3
2	1	11	1
2	2	14	7
2	1	14	8
2	1	11	6
2	1	13	5
2	1	14	5
2	1	12	5
2	1	13	7
2	1	12	8
2	1	15	5
2	1	13	6
2	2	14	5
2	1	13	5
2	1	16	5
2	2	12	7
2	1	12	4
2	2	11	5
2	2	13	3
2	2	17	3
2	1	12	5
2	1	14	5
2	1	13	6
2	1	12	6
2	1	18	6
2	2	11	2
2	1	8	2
2	2	14	7
2	1	12	4
2	1	16	7
2	1	17	6
2	1	16	10
2	1	12	8
2	2	14	4
2	2	12	1
2	2	16	6
2	2	12	6
2	2	16	9
2	2	12	10
2	2	19	8
2	1	12	7
2	1	17	7
2	2	16	8
2	2	12	5
2	1	16	5
2	1	12	4
2	2	14	5
2	2	16	6
2	1	16	6
2	1	16	9
2	1	11	4
2	2	12	7
2	2	12	7
2	2	18	8
2	1	18	8
2	2	14	1
2	2	12	6
2	1	12	5
2	1	12	8
2	1	12	5
2	1	14	5
2	1	15	6
2	1	16	5
2	1	16	3
2	2	8	3
2	2	16	5
2	1	12	4
2	2	12	7
2	1	12	6
2	2	18	6
2	1	13	3
2	2	12	8
2	1	16	5
2	2	14	2
2	1	15	8
2	1	18	9
2	1	12	6
2	1	13	5
2	1	15	6
2	2	19	9
2	1	17	8
2	2	13	4
2	2	17	5
2	1	16	8
2	2	16	7
2	1	16	7
2	1	14	7
2	2	15	4
2	1	14	5
2	2	12	6
2	1	12	6
2	1	15	9
2	2	16	8
2	1	12	8
2	2	12	3
2	1	14	6
2	2	14	9
2	2	18	8
2	1	16	6
2	1	8	4
2	2	13	4
2	2	13	9
2	1	10	2
2	1	11	7
2	1	12	4
2	1	9	4
2	1	16	7
2	1	13	5
2	1	17	8
2	1	20	5
2	1	12	5
2	1	18	7
2	1	12	4
2	2	17	9
2	2	16	6
2	1	12	6
2	2	12	7
2	1	13	2
2	2	20	5
2	1	11	5
2	2	12	3
2	1	13	5
2	1	17	8
2	1	18	7
2	1	17	8
2	2	17	9
2	1	16	7
2	1	10	2
2	1	8	2
2	1	12	1
2	1	14	5
2	2	12	5
2	1	12	5
2	1	12	0
2	2	12	2
2	2	12	6
2	2	12	6
2	1	12	7
2	1	12	7
2	2	16	6
2	2	15	5
2	2	14	7
2	2	12	6
2	2	19	5
2	2	13	7
2	1	12	6
2	2	16	5
2	1	12	5
2	1	12	6
2	1	14	6
2	1	16	7
2	1	13	5
2	2	12	5
2	2	12	6
2	1	11	3
2	2	12	7
2	1	12	5
2	1	17	2
2	1	17	7
2	1	12	6
2	2	12	6
2	2	16	7
2	1	12	5
2	1	20	6
2	2	16	7
2	1	18	7
2	1	19	6
2	1	11	5
2	1	20	6
2	1	16	4
2	2	15	6
2	1	16	8
2	1	15	5
2	1	12	8
2	2	10	7
2	2	17	7
2	2	14	4
2	2	14	1
2	1	19	6
2	2	18	9
2	1	17	8
2	1	16	8
2	1	16	5
2	2	20	8
2	1	13	7
2	1	18	8
2	2	16	6
2	2	17	6
2	1	16	8
2	2	16	5
2	1	20	9
2	2	13	8
2	2	12	5
2	1	16	5
2	1	16	7
2	2	16	7
2	2	19	10
2	2	16	6
2	2	17	8
2	2	15	10
2	2	16	8
2	1	16	10
2	2	14	6
2	1	12	5
2	2	18	9
2	1	12	4
2	2	12	6
2	2	9	7
2	1	14	6
2	1	12	6
2	1	9	4
2	2	16	5
2	2	11	4
2	2	11	6
2	1	13	6
2	2	14	5
2	1	13	5
2	1	16	5
2	2	16	4
2	2	9	3
2	1	12	4
2	2	13	5
2	1	20	9
2	1	12	5
2	2	11	4
2	1	12	7
2	1	12	5
2	1	15	8
2	1	19	9
2	2	20	8
2	2	12	5
2	2	12	6
2	2	12	7
2	2	12	4
2	2	13	5
2	2	15	6
2	2	12	4
2	1	16	7
2	1	16	5
2	1	15	9
2	1	13	7
2	1	15	8
2	2	14	5
2	2	17	8
2	2	12	3
2	1	12	7
2	1	9	4
2	2	16	7
2	2	13	5
2	2	14	8
2	1	12	5
2	2	12	5
2	1	16	7
2	2	12	7
2	2	14	9
2	1	12	8
2	1	10	5
2	2	12	6
2	2	12	3
2	2	12	7
2	1	12	8
2	1	16	7
2	1	13	6
2	1	11	6
2	1	12	6
2	1	14	7
2	2	12	4
2	2	16	7
2	1	12	4
2	2	20	9
2	2	15	3
2	1	16	6
2	2	16	6
2	2	11	6
2	1	13	3
2	1	16	7
2	1	17	10
2	2	11	6
2	1	12	8
2	1	13	8
2	1	15	7
2	2	6	3
2	1	15	8
2	2	12	5
2	2	15	6
2	2	12	6
2	2	16	9
2	1	11	7
2	2	14	4
2	1	16	8
2	2	7	9
2	2	12	7
2	2	12	5
2	1	14	6
2	2	12	5
2	1	12	5
2	1	13	6
2	1	11	7
2	1	12	7
2	2	14	4
2	1	19	6
2	1	12	9
2	2	16	5
2	2	16	8
2	1	14	6
2	2	20	9
2	2	18	9
2	2	12	5
2	1	14	4
2	1	12	5
2	2	12	8
2	2	16	7
2	1	13	7
2	2	16	7
2	2	12	5
2	2	16	4
2	2	13	7
2	1	16	6
2	1	17	6
2	1	19	6
2	1	18	8
2	2	11	3
2	1	14	7
2	2	16	9
2	2	12	5
2	2	12	6
2	1	12	7
2	2	12	3
2	1	14	5
2	1	16	6
2	1	12	5
2	1	8	1
2	1	20	7
2	2	8	5
2	2	13	4
2	1	8	4
2	1	12	8
2	1	12	5
2	1	14	6
2	2	12	7
2	2	20	7
2	2	12	3
2	1	6	0
2	1	13	5
2	2	16	5
2	2	13	8
2	1	11	7
2	1	13	5
2	1	13	6
2	1	16	8
2	1	16	6
2	1	16	10
2	1	19	7
2	2	14	4
2	2	12	3
2	2	9	4
2	1	12	6
2	1	6	3
2	2	14	6
2	2	9	3
2	2	12	6
2	1	12	5
2	1	12	7
2	1	12	6
2	1	17	6
2	2	16	6
2	2	16	6
2	1	16	7
2	2	18	8
2	1	18	10
2	1	19	7
2	2	16	8
2	1	10	5
2	2	12	7
2	2	12	6
2	2	12	7
2	2	16	7
2	1	14	10
2	1	16	8
2	2	12	4
2	1	12	7
2	1	15	5
2	2	12	6
2	1	15	10
2	1	12	7
2	2	16	7
2	2	9	4
2	2	13	6
2	1	12	7
2	1	10	7
2	2	17	9
2	2	15	6
2	1	12	7
2	2	12	3
2	1	17	7
2	2	13	5
2	2	16	4
2	2	13	6
2	1	16	8
2	1	13	4
2	1	17	4
2	2	14	5
2	1	13	6
2	1	16	9
2	1	12	5
2	2	7	1
2	1	14	8
2	2	20	10
2	1	15	4
2	1	13	7
2	2	12	6
2	1	11	7
2	2	16	7
2	1	14	7
2	2	14	6
2	1	12	7
2	2	8	6
2	2	12	6
2	1	9	3
2	1	12	9
2	2	13	8
2	2	14	7
2	1	11	7
2	1	16	10
2	2	12	3
2	2	19	7
2	2	8	2
2	1	15	5
2	1	12	7
2	1	16	8
2	1	15	8
2	1	20	8
2	2	13	5
2	2	14	7
2	2	9	6
2	2	13	6
2	2	16	7
2	2	18	7
2	2	16	9
2	2	13	6
2	1	12	5
2	1	16	8
2	2	12	6
2	1	16	9
2	2	13	2
2	1	12	6
2	1	17	5
2	1	12	5
2	2	12	7
2	2	16	7
2	1	13	5
2	2	15	8
2	1	11	6
2	1	11	6
2	2	14	8
2	1	14	7
2	2	12	7
2	1	20	9
2	1	16	7
2	2	14	8
2	1	12	4
2	1	12	6
2	1	12	6
2	2	13	9
2	1	16	7
2	2	14	7
2	2	9	7
2	2	12	5
2	2	11	3
2	1	12	2
2	1	16	6
2	2	14	8
2	2	14	5
2	1	16	5
2	1	15	5
2	1	6	3
2	2	17	5
2	1	18	7
2	2	17	8
2	2	17	6
2	1	17	10
2	1	12	7
2	2	16	10
2	1	12	5
2	1	14	5
2	1	12	5
2	1	15	7
2	1	13	8
2	2	16	7
2	2	14	5
2	1	8	3
2	1	16	7
2	1	16	6
2	1	12	7
2	2	18	7
2	2	20	8
2	2	18	8
2	1	12	8
2	2	18	8
2	2	16	10
2	1	14	10
2	1	11	5
2	1	12	5
2	2	15	6
2	2	8	5
2	2	18	9
2	1	12	2
2	2	12	5
2	1	17	3
2	2	16	10
2	2	14	6
2	2	12	5
2	2	12	5
2	2	12	5
2	2	16	9
2	2	16	6
2	1	13	7
2	1	12	4
2	1	11	5
2	2	20	7
2	2	16	9
2	1	16	8
2	1	18	9
2	2	9	6
2	1	10	4
2	2	12	7
2	2	18	8
2	1	16	6
2	2	13	5
2	1	9	4
2	2	14	4
2	1	14	8
2	2	13	6
2	1	16	7
2	1	12	4
2	2	13	7
2	1	13	7
2	1	14	7
2	1	13	5
2	1	12	4
2	1	12	6
2	2	12	1
2	2	14	5
2	1	12	4
2	1	17	7
2	2	14	5
2	1	16	6
2	1	10	6
2	2	12	4
2	1	13	8
2	1	11	7
2	2	12	6
2	1	12	6
2	2	12	6
2	1	14	8
2	1	8	4
2	1	18	7
2	2	12	7
2	2	12	1
2	2	11	3
2	2	16	10
2	1	15	6
2	1	14	4
2	1	19	8
2	2	12	5
2	1	13	6
2	1	12	8
2	1	12	5
2	2	12	5
2	2	12	5
2	1	12	5
2	2	15	6
2	1	18	2
2	2	12	6
2	1	16	6
2	1	13	8
2	2	16	8
2	1	20	5
2	1	15	6
2	1	16	10
2	1	16	9
2	1	12	7
2	1	13	5
2	1	8	4
2	2	10	4
2	1	15	6
2	1	16	6
2	2	17	9
2	2	12	6
2	2	12	4
2	1	13	4
2	1	16	6
2	1	16	7
2	1	13	9
2	1	11	3
2	1	12	7
2	1	12	4
2	1	14	8
2	2	11	5
2	2	14	2
2	1	15	7
2	1	13	2
2	2	9	5
2	2	14	6
2	2	12	8
2	1	12	5
2	2	12	5
2	2	14	6
2	1	16	6
2	2	6	1
2	1	12	1
2	2	12	3
2	1	12	6
2	1	12	6
2	2	12	5
2	1	16	5
2	2	14	3
2	1	8	3
2	1	14	5
2	2	8	5
2	1	12	7
2	2	13	5
2	1	16	6
2	2	13	6
2	2	12	4
2	2	6	10
2	2	16	8
2	1	13	3
2	2	12	6
2	2	14	5
2	1	14	8
2	1	16	4
2	2	12	5
2	1	20	7
2	1	7	2
2	2	8	4
2	2	5	5
2	1	15	6
2	1	12	2
2	1	12	6
2	1	8	3
2	1	14	6
2	1	16	5
2	1	14	6
2	2	14	9
2	1	12	5
2	1	16	7
2	1	18	7
2	2	17	7
2	1	14	2
2	2	12	7
2	2	12	5
2	2	12	6
2	1	13	4
2	1	15	7
2	2	12	6
2	1	18	7
2	1	16	7
2	1	12	8
2	1	14	7
2	2	16	6
2	2	12	5
2	2	16	9
2	2	12	3
2	1	12	7
2	1	18	5
2	1	16	8
2	2	18	8
2	2	13	5
2	2	12	6
2	1	12	7
2	1	12	0
2	2	20	6
2	2	12	7
2	1	14	6
2	2	16	6
2	1	16	6
2	1	14	7
2	1	12	8
2	2	13	8
2	1	11	7
2	2	9	5
2	1	16	6
2	2	12	4
2	2	14	7
2	1	12	7
2	1	12	7
2	1	14	8
2	1	12	8
2	2	12	6
2	2	16	8
2	1	12	6
2	1	14	3
2	1	16	7
2	2	14	5
2	1	16	7
2	2	12	5
2	1	16	5
2	1	11	5
2	1	16	6
2	1	14	6
2	1	18	6
2	1	8	7
2	1	13	5
2	2	12	5
2	2	12	7
2	1	16	10
2	1	15	10
2	2	12	4
2	1	12	6
2	2	18	5
2	1	11	5
2	2	16	4
2	2	17	6
2	1	10	3
2	1	20	10
2	2	20	9
2	2	18	10
2	1	16	9
2	2	14	6
2	1	13	6
2	2	20	9
2	2	17	5
2	2	13	8
2	2	12	6
2	1	14	7
2	2	16	6
2	1	13	7
2	1	16	10
2	1	14	6
2	1	12	6
2	1	16	8
2	1	12	2
2	2	12	5
2	2	12	3
2	2	17	7
2	1	20	7
2	1	17	4
2	1	11	4
2	2	13	7
2	1	14	6
2	1	14	6
2	1	8	5
2	2	11	5
2	1	12	5
2	1	16	8
2	1	16	9
2	2	10	5
2	1	10	5
2	2	16	9
2	1	12	3
2	2	16	5
2	2	12	4
2	1	13	7
2	2	12	7
2	1	14	6
2	2	10	2
2	1	15	7
2	2	16	5
2	2	12	6
2	1	12	8
2	2	12	5
2	2	12	5
2	1	12	4
2	1	7	4
2	2	16	8
2	1	12	6
2	1	12	5
2	1	11	4
2	2	11	5
2	1	16	8
2	1	16	7
2	1	12	6
2	2	18	5
2	1	13	6
2	2	11	4
2	2	13	9
2	1	17	6
2	2	7	5
2	1	12	4
2	2	12	6
2	1	12	10
2	2	16	5
2	1	16	6
2	1	12	9
2	2	16	4
2	2	15	4
2	1	11	3
2	1	12	4
2	2	14	2
2	1	14	5
2	1	14	8
2	2	13	8
2	1	17	10
2	2	12	5
2	1	19	5
2	1	12	4
2	1	13	5
2	2	14	8
2	2	16	7
2	2	19	5
2	2	16	8
2	1	16	6
2	1	20	8
2	1	16	8
2	2	19	8
2	2	18	5
2	2	15	8
2	1	16	4
2	1	12	7
2	2	14	8
2	1	14	6
2	1	13	6
2	1	16	8
2	1	12	8
2	1	12	4
2	1	15	6
2	1	13	6
2	1	12	6
2	1	12	6
2	2	18	6
2	2	17	7
2	2	12	8
2	2	16	5
2	1	14	8
2	1	12	7
2	2	11	9
2	1	12	5
2	1	12	4
2	1	17	6
2	2	14	7
2	1	12	5
2	2	12	7
2	2	16	5
2	1	5	8
2	2	19	8
2	2	12	7
2	2	13	7
2	2	12	8
2	1	13	7
2	2	12	5
2	2	17	9
2	2	15	8
2	2	16	9
2	1	16	9
2	2	12	6
2	2	12	4
2	2	18	10
2	1	12	6
2	1	16	9
2	2	12	4
2	1	14	6
2	2	13	6
2	2	10	8
2	1	12	6
2	1	14	5
2	1	17	10
2	2	19	9
2	2	12	5
2	1	16	7
2	1	12	5
2	2	17	10
2	2	12	5
2	2	15	5
2	2	12	5
2	1	12	7
2	1	18	9
2	1	14	5
2	1	14	8
2	2	13	3
2	2	12	6
2	2	13	6
2	1	13	8
2	1	12	4
2	2	16	5
2	1	16	7
2	1	12	7
2	1	16	7
2	2	14	6
2	1	16	8
2	1	16	6
2	1	12	4
2	2	12	8
2	2	17	10
2	2	16	10
2	1	12	5
2	1	12	6
2	1	12	4
2	2	14	2
2	2	12	3
2	1	12	6
2	2	14	6
2	2	12	6
2	2	12	5
2	1	12	3
2	1	12	8
2	2	12	4
2	1	16	5
2	2	11	4
2	1	12	5
2	1	12	6
2	2	16	9
2	2	14	6
2	2	12	7
2	1	14	7
2	2	14	3
2	2	6	4
2	2	11	6
2	2	15	6
2	2	12	5
2	2	8	5
2	1	14	5
2	1	12	7
2	1	12	9
2	1	14	8
2	1	16	8
2	1	12	6
2	2	13	5
2	1	13	6
2	1	19	6
2	2	18	5
2	1	16	8
2	1	12	3
2	1	12	7
2	2	20	8
2	2	12	9
2	2	14	7
2	1	13	5
2	1	16	6
2	1	12	7
2	2	19	7
2	2	12	6
2	1	13	6
2	1	12	3
2	1	12	5
2	2	12	4
2	1	15	3
2	2	12	3
2	2	14	7
2	1	12	4
2	2	10	5
2	1	12	5
2	2	12	7
2	2	12	9
2	1	14	5
2	2	12	5
2	2	12	6
2	2	13	5
2	2	15	9
2	1	13	5
2	2	16	5
2	1	14	6
2	2	10	5
2	2	12	6
2	1	15	6
2	2	12	7
2	1	12	6
2	2	14	6
2	1	12	4
2	2	12	4
2	2	12	3
2	1	12	5
2	1	7	3
2	1	12	2
2	1	10	6
2	1	16	5
2	1	14	5
2	2	12	6
2	2	16	7
2	2	11	5
2	2	13	8
2	1	14	3
2	2	12	6
2	1	12	4
2	1	13	6
2	2	12	7
2	1	11	5
2	1	12	6
2	2	11	5
2	2	20	8
2	1	16	5
2	2	11	1
2	2	12	3
2	1	10	6
2	2	11	7
2	1	10	3
2	2	6	2
2	2	10	7
2	1	12	6
2	1	10	4
2	2	12	6
2	1	10	5
2	2	17	7
2	2	15	6
2	1	6	4
2	1	14	3
2	1	14	6
2	1	11	5
2	2	14	6
2	2	16	8
2	2	16	8
2	2	11	6
2	1	15	10
2	1	14	10
2	1	14	7
2	2	12	7
2	1	14	10
2	2	12	6
2	2	16	6
2	1	14	5
2	1	19	6
2	1	12	5
2	1	13	9
2	1	15	6
2	2	16	7
2	1	17	9
2	2	16	6
2	2	10	3
2	2	18	8
2	1	20	5
2	2	14	7
2	2	12	6
2	1	11	7
2	2	18	8
2	2	18	8
2	1	14	5
2	1	16	8
2	1	19	6
2	2	16	7
2	2	11	8
2	1	16	8
2	1	16	8
2	2	16	10
2	1	13	5
2	2	9	6
2	2	6	6
2	1	18	9
2	1	12	5
2	1	12	4
2	1	13	8
2	1	10	4
2	1	12	6
2	1	14	5
2	1	12	5
2	1	20	6
2	1	12	3
2	1	12	5
2	1	6	2
2	2	12	7
2	1	14	6
2	1	14	5
2	2	9	1
2	1	13	5
2	2	12	6
2	2	11	3
2	1	16	5
2	2	12	1
2	1	15	5
2	1	6	2
2	1	13	5
2	2	15	9
2	1	14	5
2	2	8	5
2	1	15	5
2	1	20	0
2	1	12	5
2	2	16	4
2	1	16	7
2	1	12	0
2	2	12	6
2	1	20	8
2	2	12	6
2	1	14	8
2	2	12	4
2	1	17	7
2	1	13	8
2	1	18	7
2	1	20	6
2	1	11	4
2	1	14	4
2	2	16	9
2	1	10	5
2	1	14	4
2	1	17	6
2	1	16	5
2	2	15	7
2	1	16	10
2	2	17	10
2	1	15	8
2	2	15	5
2	1	17	9
2	2	13	5
2	2	12	8
2	2	15	8
2	2	13	7
2	2	13	7
2	2	14	9
2	1	14	7
2	1	14	8
2	1	12	6
2	1	19	7
2	2	11	6
2	2	12	5
2	1	20	9
2	2	16	8
2	1	12	6
2	1	7	5
2	2	16	6
2	2	14	7
2	2	14	4
2	2	14	9
2	1	16	7
2	2	20	10
2	2	12	7
2	2	15	5
2	1	12	7
2	2	14	4
2	2	12	7
2	1	12	6
2	2	10	3
2	1	14	3
2	2	12	6
2	1	13	6
2	1	13	5
2	2	12	6
2	1	14	7
2	1	15	7
2	1	10	6
2	1	12	5
2	2	11	5
2	2	12	6
2	1	11	7
2	1	13	6
2	1	14	9
2	2	14	7
2	1	8	3
2	2	12	3
2	1	14	8
2	1	12	6
2	2	14	8
2	1	14	9
2	1	13	7
2	2	13	6
2	1	10	6
2	1	12	6
2	1	14	7
2	2	17	2
2	2	2	5
2	1	15	6
2	1	12	8
2	1	13	8
2	2	12	5
2	1	17	0
2	1	11	7
2	2	15	6
2	2	15	7
2	2	10	6
2	1	14	6
2	2	11	5
2	1	11	7
2	2	12	0
2	1	12	4
2	2	15	7
2	1	14	5
2	2	16	6
2	2	14	7
2	1	12	2
2	2	16	6
2	1	15	5
2	2	18	4
2	1	15	8
2	1	13	8
2	1	10	7
2	1	12	7
2	2	13	6
2	2	13	6
2	1	14	5
2	1	4	2
2	1	12	4
2	1	10	6
2	1	9	3
2	2	14	6
2	1	9	6
2	1	14	5
2	1	14	5
2	2	12	5
2	1	12	5
2	1	16	7
2	2	16	6
2	1	17	6
2	1	12	9
2	2	12	5
2	1	13	6
2	2	16	4
2	2	14	4
2	1	11	5
2	2	17	8
2	1	12	2
2	1	14	8
2	1	10	4
2	1	16	6
2	2	12	5
2	2	16	6
2	1	14	7
2	1	14	6
2	2	18	8
2	1	18	7
2	2	16	8
2	2	17	6
2	1	12	8
2	1	14	8
2	2	14	5
2	2	14	3
2	1	12	8
2	1	16	8
2	1	12	5
2	1	12	6
2	1	12	8
2	1	14	5
2	2	12	6
2	1	12	6
2	1	12	6
2	2	14	3
2	1	18	7
2	2	12	5
2	1	14	6
2	1	16	6
2	2	12	6
2	1	10	4
2	2	12	6
2	1	12	5
2	1	12	6
2	1	17	6
2	1	10	5
2	1	20	7
2	1	14	6
2	1	11	4
2	1	11	2
2	1	8	5
2	1	12	5
2	2	16	2
2	1	8	3
2	1	12	9
2	2	12	7
2	1	12	4
2	1	13	3
2	1	14	9
2	2	12	5
2	1	13	6
2	2	10	6
2	2	10	4
2	2	9	3
2	2	12	6
2	2	20	9
2	2	16	6
2	1	20	8
2	1	18	6
2	1	10	6
2	1	10	4
2	2	7	6
2	1	16	6
2	1	13	7
2	1	17	7
2	1	15	3
2	1	12	7
2	2	13	7
2	1	12	5
2	1	20	9
2	2	10	5
2	1	18	5
2	1	12	6
2	1	16	10
2	2	11	8
2	2	18	6
2	2	16	7
2	1	12	7
2	1	9	4
2	1	14	7
2	1	15	6
2	2	15	7
2	1	18	8
2	1	15	7
2	1	13	9
2	1	15	7
2	2	12	5
2	1	10	6
2	2	12	7
2	1	12	3
2	2	9	1
2	1	15	6
2	1	12	5
2	2	12	4
2	2	13	4
2	1	12	2
2	1	8	6
2	1	15	6
2	2	8	5
2	2	11	3
2	2	12	7
2	1	12	4
2	2	14	5
2	1	9	1
2	1	12	3
2	1	12	4
2	1	12	8
2	2	14	4
2	1	19	6
2	2	11	4
2	2	12	5
2	1	12	4
2	1	11	4
2	1	10	5
2	1	11	5
2	1	12	7
2	1	12	6
2	1	12	6
2	2	14	4
2	1	10	5
2	2	16	7
2	2	10	4
2	2	14	6
2	1	12	6
2	2	6	2
2	1	12	7
2	1	12	4
2	1	12	5
2	1	13	3
2	1	12	3
2	1	16	4
2	2	12	5
2	1	18	8
2	2	19	9
2	1	18	9
2	2	16	6
2	2	12	6
2	1	10	8
2	1	12	3
2	1	12	6
2	2	12	2
2	1	20	6
2	2	16	7
2	1	16	10
2	1	12	6
2	2	8	4
2	1	18	9
2	2	16	9
2	1	16	6
2	2	16	8
2	1	16	9
2	2	14	7
2	1	14	6
2	2	7	4
2	1	14	5
2	2	14	8
2	1	12	7
2	2	16	8
2	2	15	7
2	1	15	6
2	1	12	6
2	1	15	6
2	2	12	3
2	1	13	6
2	1	20	8
2	2	15	7
2	1	14	9
2	1	14	5
