17.8899097442627	6384.9111328125	0.343589752912521	0	2.04080009460449	691.599975585937	690	690.799987792969
21.5246639251709	5099.380859375	0.420833319425583	4.58333349227905	47.9166984558105	660.5	661.900024414063	661.200012207031
18.6972255706787	5501.95458984375	0.10903225839138	30.0000019073486	76.3226013183594	636.299987792969	650.900024414062	643.599975585938
17.3571434020996	7101.8310546875	0.349794238805771	0	77.049201965332	651.900024414062	643.5	647.700012207031
18.671329498291	5235.98779296875	0.128089889883995	13.8576774597168	78.427001953125	641.799987792969	639.900024414062	640.849975585937
21.40625	5580.14697265625	0.182481750845909	12.4087591171265	86.9564971923828	605.700012207031	605.400024414062	605.550048828125
19.5	5253.3310546875	0.143589749932289	68.7179489135742	94.6237030029297	604.5	609	606.75
20.8941173553467	4565.74609375	0.0743243247270584	46.9594612121582	100	605.5	612.5	609
19.9473686218262	5355.54833984375	0.0923482850193977	30.0791568756104	93.1398010253906	608.900024414062	616.099975585937	612.5
20.8055553436279	5036.21142578125	0	40.2759208679199	87.3163986206055	611.900024414063	613.400024414062	612.650024414062
21.238094329834	4547.6923828125	0.192825108766556	52.9147987365723	85.874397277832	612.799987792969	618.700012207031	615.75
21	5447.34521484375	0.0567375868558884	54.6099319458008	98.605598449707	616.599975585937	616	616.299987792969
20.6000003814697	6567.1494140625	0.242718443274498	42.7184448242187	98.1307983398438	612.799987792969	619.799987792969	616.299987792969
20.0082168579102	4818.61279296875	0	20.5338802337646	77.1483993530273	610	622.599975585937	616.299987792969
18.0277786254883	5621.4560546875	0.0477657951414585	80.1232604980469	76.2712020874023	611.900024414063	621	616.450012207031
20.2519607543945	6026.35986328125	0.0938967168331146	49.413143157959	94.2957000732422	614.799987792969	619.900024414063	617.349975585937
16.9778690338135	6723.23779296875	0.203665986657143	85.5397186279297	97.7596969604492	611.700012207031	624.400024414063	618.050048828125
16.5098037719727	5589.88525390625	0.118764847517014	58.9073638916016	77.9096984863281	614.900024414062	621.700012207031	618.300048828125
22.7040233612061	5064.61572265625	0.139534890651703	77.0058135986328	94.9711990356445	619.099975585937	620.5	619.799987792969
19.911111831665	5433.59326171875	0.0517113097012043	49.8139877319336	93.2292022705078	621.299987792969	619.299987792969	620.299987792969
18.3333339691162	5725.5634765625	0.156818181276321	40.6818199157715	100	615.599975585937	625.400024414062	620.5
22.619047164917	4542.10498046875	0.111578948795795	16.2105255126953	91.5464019775391	619.900024414063	622.900024414062	621.400024414062
19.4482765197754	5107.08642578125	0.0665878653526306	45.0748634338379	70.8167037963867	622.900024414062	620.599975585937	621.75
25.0526313781738	4659.66162109375	0	39.0756301879883	100	620.700012207031	623.400024414062	622.050048828125
20.6754379272461	4555.46435546875	0.0916419178247452	76.6652526855469	90.6237030029297	619.5	625.700012207031	622.599975585937
18.68235206604	5415.15283203125	0.124685138463974	40.4911842346191	85.1472015380859	625	621.200012207031	623.099975585938
22.8455295562744	4997.87158203125	0.101560361683369	73.7202301025391	88.0348968505859	620.400024414062	626	623.200012207031
19.2666664123535	5223.912109375	0.10342176258564	70.0115356445312	92.1952972412109	616.5	630.400024414062	623.450012207031
19.25	5139.16455078125	0.0791027173399925	55.962215423584	90.2006988525391	620.099975585937	627.099975585938	623.599975585937
20.5454540252686	4614.251953125	0.121681414544582	11.0619468688965	81.0234985351563	627.900024414062	620.400024414062	624.150024414062
20.6069660186768	5342.2333984375	0.137373253703117	80.4200897216797	81.5065002441406	620.400024414062	628.700012207031	624.550048828125
21.072681427002	5347.45849609375	0.106565177440643	63.1303558349609	90.2848968505859	623	626.900024414062	624.950012207031
21.5358142852783	5036.458984375	0.0720135867595673	65.1218566894531	91.5933990478516	620.799987792969	629.799987792969	625.299987792969
19.9039993286133	5117.1416015625	0.0811897069215775	53.4164009094238	55.0929985046387	626.099975585937	625.599975585937	625.849975585938
21.1940689086914	5117.03955078125	0.0681086257100105	49.823070526123	80.1956024169922	625.400024414062	626.799987792969	626.099975585937
21.8653545379639	5272.19189453125	0.0780767500400543	35.4653701782227	84.4337997436523	625.400024414062	628.200012207031	626.800048828125
18.3296451568604	5225.71923828125	0.123114064335823	56.1255264282227	84.7313995361328	623.599975585937	630.200012207031	626.900024414062
16.2285709381104	6516.533203125	0.063380278646946	32.3943672180176	94.9324035644531	628.900024414063	625.299987792969	627.099975585938
19.1785717010498	4559.1767578125	0.104655496776104	65.5121002197266	81.117301940918	624.400024414063	630.099975585937	627.25
20.2773666381836	5119.158203125	0.111290976405144	53.0554428100586	87.7781982421875	627.5	627.099975585938	627.299987792969
22.9861373901367	5338.185546875	0.114519692957401	49.6425323486328	71.4330978393555	627.799987792969	628.700012207031	628.25
20.4444446563721	5090.044921875	0.217391297221184	45.1086959838867	85.8695983886719	621.599975585937	635.200012207031	628.400024414063
19.8208465576172	5485.49609375	0.0640920326113701	30.3204593658447	88.0951995849609	629.400024414062	627.700012207031	628.550048828125
23.2052230834961	4793.3701171875	0.0918154045939445	52.2431259155273	100	621.099975585937	636.200012207031	628.650024414062
19.2669677734375	5092.91748046875	0.0760920643806458	36.8013153076172	92.7431030273438	626.5	631	628.75
23.301887512207	4359.52099609375	0.141700401902199	30.2833995819092	62.130199432373	630.200012207031	629.400024414062	629.800048828125
21.1882858276367	5645.49560546875	0.0876015722751617	49.8645668029785	69.7398986816406	629.5	631.200012207031	630.349975585937
20.8717956542969	4518.01611328125	0.104422606527805	13.7592134475708	67.4447021484375	631.900024414062	628.900024414063	630.400024414062
19.0174942016602	5864.3662109375	0.122313804924488	28.8637046813965	84.2949981689453	631.599975585937	629.5	630.549987792969
21.9193801879883	5257.99658203125	0.122101716697216	52.8047866821289	70.8956985473633	628.5	632.599975585937	630.549987792969
20.1012382507324	5016.6923828125	0.0879686623811722	44.0850601196289	79.5120010375977	628.400024414063	633.700012207031	631.050048828125
21.4765110015869	4720.08642578125	0.151250004768372	35.25	79.7255020141602	635.700012207031	627.099975585938	631.400024414062
20.065788269043	5470.5625	0.0741027891635895	37.4944610595703	69.942497253418	633	630.700012207031	631.849975585937
20.3750953674316	5615.44189453125	0.0843294113874435	50.3905906677246	77.5255966186523	629.599975585938	634.200012207031	631.900024414062
22.4464817047119	5245.43994140625	0.0783107280731201	31.0725784301758	61.7382011413574	634.200012207031	629.700012207031	631.950012207031
22.8952388763428	4838.17529296875	0.0840266197919846	18.2612323760986	52.9435005187988	633.5	630.5	632
20.4979705810547	5367.98828125	0.0827015861868858	34.7002067565918	81.1165008544922	631.400024414062	633	632.200012207031
20	5526.23681640625	0.0869951173663139	33.288948059082	84.5539016723633	637.5	627	632.25
22.2565803527832	4353.01953125	0.0541503392159939	33.4877090454102	52.3964004516602	637.299987792969	627.599975585938	632.449951171875
21.5643634796143	5034.2900390625	0.081001952290535	38.1587524414062	66.1949005126953	633.200012207031	632.5	632.849975585937
19.4773712158203	4692.49365234375	0.0622406639158726	36.9294624328613	83.1578979492188	629.200012207031	636.700012207031	632.950012207031
17.6700210571289	5606.78173828125	0.108991824090481	32.9894905090332	84.9990005493164	630.299987792969	635.799987792969	633.049987792969
21.9475612640381	4969.1806640625	0.050078846514225	58.2166557312012	82.3926010131836	629.599975585938	636.700012207031	633.150024414062
21.7833938598633	4675.6748046875	0.164401724934578	17.0036468505859	56.0635986328125	634.400024414062	632.900024414062	633.650024414062
19.1399993896484	5306.1328125	0.155694887042046	17.6593532562256	82.1316986083984	634.700012207031	633.099975585937	633.900024414062
18.1104965209961	5693.88330078125	0.175106778740883	7.32153749465942	80.6042022705078	638.400024414062	629.599975585938	634
20.6824245452881	5181.57958984375	0.0654377862811089	31.1981563568115	93.9226989746094	631.900024414062	636.200012207031	634.050048828125
22.623607635498	5228.65087890625	0.115180157124996	16.6174449920654	63.8036003112793	637.700012207031	630.5	634.099975585937
21.7864990234375	5339.39111328125	0.0760656744241714	58.0810356140137	100	631.5	636.700012207031	634.099975585937
18.5829315185547	6056.4970703125	0.111785098910332	55.8925437927246	84.9206008911133	636.799987792969	631.5	634.150024414062
21.5454540252686	4845.68017578125	0.0548523217439651	5.48523235321045	76.7931976318359	631.799987792969	636.599975585937	634.199951171875
21.1528911590576	4826.666015625	0.0913960486650467	14.4291934967041	68.3964004516602	637.700012207031	631.099975585938	634.400024414062
16.6333332061768	5367.09033203125	0.188376754522324	22.8456916809082	83.1193008422852	635.5	633.599975585937	634.549987792969
21.1443824768066	5742.73291015625	0.108767651021481	38.7833366394043	77.008903503418	633.200012207031	636.200012207031	634.700012207031
19.7818183898926	4136.2509765625	0.098345585167408	64.2463226318359	86.0294036865234	631.099975585938	638.700012207031	634.900024414062
18.9837284088135	5267.8310546875	0.0973684191703796	25.225564956665	74.8509979248047	637.799987792969	632.099975585938	634.949951171875
17.667667388916	5238.39208984375	0.0226628892123699	5.38243627548218	33.0623016357422	636.599975585937	633.5	635.049987792969
17.7549915313721	5462.8994140625	0.112462006509304	6.07902765274048	85.5421981811523	644.299987792969	626.099975585937	635.199951171875
15.2727270126343	6313.37353515625	0.126984134316444	0	66.2550964355469	640.900024414063	630	635.450012207031
14	6653.03076171875	0.177142858505249	0	68.8235015869141	634.599975585937	636.599975585937	635.599975585938
20.596134185791	5533.1494140625	0.233898311853409	34.8891792297363	72.8628005981445	633	638.200012207031	635.599975585938
16.3116874694824	6118.71044921875	0.0254777073860168	13.0573244094849	93.6305999755859	636.700012207031	634.799987792969	635.75
21.1279621124268	5098.626953125	0.0998205468058586	36.0251235961914	72.32080078125	633.200012207031	638.700012207031	635.950012207031
17.4880123138428	5652.87890625	0.0853008404374123	34.6534652709961	73.5976028442383	633.900024414062	638.299987792969	636.099975585937
17.8867931365967	5329.00244140625	0.0759493634104729	28.6919822692871	75.7384033203125	634.700012207031	638.299987792969	636.5
19.3067588806152	5929.80908203125	0.248653501272202	1.79533219337463	62.2127990722656	645.400024414062	627.799987792969	636.599975585937
20.8923072814941	4897.06787109375	0.131075114011765	30.6332855224609	80.8683013916016	632.299987792969	641.099975585938	636.699951171875
21.2868385314941	5100.2021484375	0.0872817933559418	59.0334548950195	83.8737030029297	632.400024414063	641.400024414062	636.900024414063
20.1955986022949	4825.72265625	0.20355124771595	13.5593223571777	68.5718994140625	636.200012207031	637.700012207031	636.950012207031
24.9500007629395	4079.12915039062	0.0701402798295021	5.01001977920532	80.9248962402344	636.099975585937	637.900024414062	637
18.1304340362549	5349.36767578125	0.0647481977939606	0.95923262834549	46.0432014465332	638	636.200012207031	637.099975585937
20	5869.38916015625	0.183333337306976	0.666666686534882	72.1854019165039	640.900024414063	633.799987792969	637.349975585938
18.7295093536377	6462.1279296875	0.109409190714359	38.512035369873	67.7129974365234	644.900024414063	630.400024414062	637.650024414062
18.25	6231.6015625	0.232876718044281	0	54.1096000671387	646.099975585938	629.799987792969	637.949951171875
18.9925689697266	4993.86767578125	0.154347822070122	17.1739139556885	66.9492034912109	633.200012207031	642.700012207031	637.950012207031
19.8876419067383	4663.81103515625	0.0790960416197777	9.88700580596924	59.7221984863281	636.700012207031	639.299987792969	638
19.3789482116699	6107.1064453125	0.171102657914162	19.3916358947754	64.7473983764648	640.400024414062	636	638.200012207031
20.4625854492187	5324.22802734375	0.190691486001015	36.4893608093262	65.7960968017578	636.200012207031	640.400024414062	638.300048828125
22.2915725708008	5221.4609375	0.140000000596046	39.3999977111816	83	630.400024414062	646.200012207031	638.300048828125
20.7047386169434	5157.78466796875	0.0749217495322227	28.6776218414307	59.7234992980957	638.599975585937	638.099975585937	638.349975585938
19.0600528717041	5131.119140625	0.19178082048893	13.6986303329468	66.4384002685547	637.5	639.599975585938	638.549987792969
20.2324695587158	5279.35400390625	0.0625875741243362	11.3498363494873	65.3827972412109	636.900024414063	640.5	638.700012207031
19.6901226043701	4704.0439453125	0.236065566539764	3.44262313842773	56.065601348877	640.299987792969	638.200012207031	639.25
20.3625392913818	6089.91064453125	0.0771513357758522	15.4302673339844	60.1329002380371	642.700012207031	635.900024414062	639.300048828125
19.754222869873	5356.83349609375	0.132637187838554	17.973783493042	63.9054985046387	639.900024414062	638.799987792969	639.349975585937
19.3797664642334	5144.54931640625	0.0547394193708897	22.7177333831787	37.0456008911133	641.400024414062	637.599975585938	639.5
22.9235095977783	4906.22998046875	0.0609215535223484	18.4362449645996	51.2420997619629	641.700012207031	637.799987792969	639.75
19.3733978271484	5489.5888671875	0.164657458662987	16.1717147827148	74.2723007202148	641.5	638.099975585937	639.799987792969
19.1551551818848	5718.55126953125	0.151468902826309	2.02212882041931	64.0977020263672	641.400024414062	638.299987792969	639.849975585937
21.2999992370605	4436.15283203125	0.204225346446037	9.62441349029541	64.7886962890625	634.299987792969	645.5	639.900024414062
18.3035717010498	4895.439453125	0.11707317084074	41.4634132385254	80.9756011962891	643.5	636.700012207031	640.099975585937
21.0792560577393	5159.21875	0.0966491103172302	9.89903450012207	56.2994003295898	640.400024414062	639.900024414062	640.150024414062
18.7912082672119	5490.65478515625	0.286549717187881	16.0818710327148	68.0912017822266	637.700012207031	643.299987792969	640.5
19.6266174316406	5172.01953125	0.0765572264790535	43.4949378967285	71.0238037109375	638.5	643	640.75
19.5901641845703	4441.6728515625	0.125523015856743	8.78661060333252	69.6203002929687	644.900024414063	636.900024414063	640.900024414063
20.8718719482422	5220.3701171875	0.0965304002165794	39.0243873596191	52.9734992980957	640.400024414062	641.799987792969	641.099975585938
21.1150016784668	5252.810546875	0.213329076766968	53.8903045654297	71.7623977661133	639.299987792969	643.599975585938	641.449951171875
20.0845203399658	5518.7021484375	0.140438437461853	41.1332931518555	70.806396484375	638.599975585937	644.299987792969	641.449951171875
19.9104881286621	5609.48779296875	0.127953886985779	1.38328528404236	75.5043029785156	640.799987792969	642.299987792969	641.549987792969
17.8128509521484	4945.03173828125	0.202531650662422	35.4430389404297	82.067497253418	638.900024414063	644.700012207031	641.800048828125
18.1333332061768	5223.025390625	0.266544103622437	8.63970565795898	74.8623962402344	641.799987792969	642.599975585937	642.199951171875
19.2222118377686	4757.025390625	0.142425760626793	15.3497743606567	54.6540985107422	637	647.400024414063	642.200012207031
18.6607151031494	5522.16162109375	0.119617223739624	19.8564586639404	63.4328002929687	640.200012207031	644.599975585938	642.400024414063
19.6000003814697	6087.60888671875	0.204081639647484	3.06122446060181	47.1502990722656	652.599975585937	632.900024414062	642.75
19.283842086792	4960.515625	0.0416666679084301	9.87318801879883	53.2106018066406	642	644.099975585937	643.049987792969
22.8181819915771	4880.04052734375	0.131474107503891	16.0956172943115	44.2597007751465	642.599975585937	643.799987792969	643.199951171875
18.8092193603516	6538.41796875	0.0442477874457836	43.4989776611328	80.2586975097656	639.400024414062	647.099975585937	643.25
21.3736324310303	4925.65966796875	0.0955861657857895	45.0379524230957	82.5721969604492	638.900024414063	647.900024414062	643.400024414063
20.0204086303711	5204.6875	0.086646281182766	18.1957187652588	67.7518005371094	641.700012207031	645.099975585937	643.400024414063
21.4986152648926	4907.41064453125	0.0847828909754753	15.4876947402954	44.4766006469727	644.200012207031	642.799987792969	643.5
15.4285717010498	5923.45166015625	0.217592597007751	0.92592591047287	48.8788986206055	652.700012207031	634.299987792969	643.5
22.3999996185303	4741.95703125	0.138392850756645	7.5892858505249	58.035701751709	633.599975585937	653.799987792969	643.699951171875
20.1270866394043	4954.01953125	0.127298086881638	29.0858383178711	57.0722007751465	645.700012207031	641.700012207031	643.700012207031
19.0379753112793	5500.10791015625	0	0.132978722453117	34.0788993835449	652.299987792969	636.099975585937	644.199951171875
17.3421573638916	5360.51708984375	0.184283882379532	50.8576316833496	39.0368003845215	644.5	643.900024414062	644.200012207031
17.0186328887939	5685.63916015625	0.0638686120510101	11.4963502883911	31.3868999481201	652.099975585938	636.700012207031	644.400024414062
20.7999992370605	5594.1962890625	0.182692304253578	13.4615392684937	49.5237998962402	649.5	639.400024414062	644.450012207031
21.1538467407227	4692.56689453125	0.0145454546436667	4.72727251052856	45.8181991577148	643.200012207031	645.700012207031	644.450012207031
18.4583339691162	5085.40625	0.117381490767002	21.444694519043	69.9774017333984	644.299987792969	644.700012207031	644.5
19.1408214569092	5456.197265625	0.122666150331497	12.3536806106567	58.5453987121582	646	643.099975585937	644.549987792969
19.407657623291	5105.1796875	0.0446650125086308	30.1488838195801	56.6750984191895	645.299987792969	644.099975585937	644.699951171875
19.5689640045166	5519.67724609375	0.110132157802582	15.8590297698975	59.0307998657227	649.700012207031	640.200012207031	644.950012207031
21.50119972229	5065.9111328125	0.158388778567314	43.75	71.9121017456055	642.900024414062	647.299987792969	645.099975585937
17.529411315918	5182.42822265625	0.201342284679413	0	59.0603981018066	656.799987792969	633.700012207031	645.25
16.4301719665527	5960.46435546875	0.218181818723679	0	52.173900604248	658	633.099975585937	645.549987792969
19.7965393066406	5124.83642578125	0.130312234163284	16.6522121429443	65.9150009155273	647.700012207031	643.400024414063	645.550048828125
17.1861343383789	5655.13330078125	0.12033898383379	3.22033905982971	70.6576995849609	644.799987792969	646.400024414062	645.599975585937
17.615894317627	5811.68994140625	0.187969923019409	0	72.1428985595703	644.299987792969	647.200012207031	645.75
20.1253719329834	5467.673828125	0.0475409850478172	48.5245895385742	47.029899597168	645.5	646	645.75
22.1666660308838	5213.08935546875	0	0.751879692077637	35.8208999633789	652.5	639.5	646
19.9615383148193	4613.1875	0.125240847468376	1.92678236961365	37.9575996398926	650.900024414062	641.5	646.200012207031
19.0394515991211	4886.98388671875	0.135135129094124	13.5135126113892	40.625	643	649.700012207031	646.349975585937
15.2243595123291	6455.13671875	0.126315787434578	0	76.2773971557617	641.599975585937	651.200012207031	646.400024414062
21.1447505950928	5125.43310546875	0.150527328252792	16.7146053314209	55.7901000976562	647.799987792969	645.200012207031	646.5
19.6438999176025	5193.6923828125	0.0827142149209976	5.94353628158569	40.5646018981934	649.099975585937	644	646.549987792969
21.0486888885498	5002.8388671875	0.0562277585268021	36.1743774414062	55.0938987731934	644	649.400024414063	646.700012207031
20.1754379272461	5337.62548828125	0.124603576958179	44.971866607666	62.5038986206055	645.599975585937	648.200012207031	646.900024414062
21.3913040161133	5161.2021484375	0.154471546411514	16.6666679382324	43.902400970459	647.799987792969	646.099975585938	646.949951171875
20.0083255767822	5158.7919921875	0.110957004129887	15.1872396469116	68.8579025268555	642.5	651.599975585937	647.049987792969
20.2913722991943	5123.47412109375	0.135392263531685	34.3377990722656	45.9949989318848	645	649.5	647.25
17.6666660308838	5782.5439453125	0.0566037744283676	0	59.5387992858887	650.799987792969	643.799987792969	647.299987792969
18.2205505371094	4842.60791015625	0.0687757879495621	13.0673999786377	32.1870994567871	649.400024414063	645.799987792969	647.599975585937
20.2710018157959	4219.40625	0.122994653880596	4.27807474136353	7.48659992218018	651.599975585937	643.599975585938	647.599975585937
20.1989459991455	5081.169921875	0.109613806009293	39.5946311950684	58.5331001281738	645	651	648
21.3842449188232	5144.99365234375	0.120405144989491	21.6683731079102	32.4830017089844	648	648.400024414062	648.200012207031
20.9736843109131	4674.298828125	0.0752823054790497	3.2622332572937	35.7591018676758	648.799987792969	647.700012207031	648.25
20	4830.326171875	0.28571429848671	7.85714292526245	39.285701751709	651.599975585937	645.099975585937	648.349975585938
17.153284072876	5621.68798828125	0.217021271586418	39.5744667053223	67.234001159668	643.400024414063	654	648.700012207031
22.3497714996338	4948.8681640625	0.156136959791183	10.1278028488159	51.5674018859863	645.099975585937	652.799987792969	648.949951171875
22.1700706481934	5100.9755859375	0.146948948502541	27.5217914581299	52.1202011108398	646	652.299987792969	649.150024414062
18.1818180084229	5132.78857421875	0.106666669249535	14	23.2257995605469	655.200012207031	643.400024414063	649.300048828125
18.9571437835693	5358.51708984375	0.152223065495491	8.84200000762939	51.7709007263184	649.799987792969	649.200012207031	649.5
19.7453308105469	5149.1865234375	0.14832329750061	6.40584659576416	52.2523002624512	651.299987792969	648.099975585938	649.699951171875
16.4262294769287	5373.20654296875	0.325349301099777	2.39520978927612	54.7619018554687	652.599975585937	647.099975585937	649.849975585938
16.6253967285156	6485.166015625	0.102127656340599	5.95744705200195	89.6996002197266	655.099975585937	645.799987792969	650.449951171875
16.3817672729492	5504.025390625	0.102608695626259	8.17391300201416	59.1304016113281	654.599975585938	646.5	650.549987792969
20.0741577148437	5105.734375	0.224211424589157	15.4589366912842	29.7812004089355	655.400024414062	645.799987792969	650.599975585937
17.9954433441162	5634.73095703125	0.128691986203194	0	54.9897994995117	653.599975585938	647.700012207031	650.650024414062
19.3913040161133	4980.29443359375	0.269058287143707	0	17.5438995361328	651.799987792969	650	650.900024414062
16.4285717010498	6113.85986328125	0.239130437374115	0	0	656.099975585938	645.700012207031	650.900024414062
16.7294864654541	5850	0.100583381950855	31.8245830535889	55.1007995605469	653.299987792969	649	651.150024414063
24.4134521484375	4547.94482421875	0.0863584280014038	12.8009166717529	32.369701385498	651.700012207031	650.700012207031	651.200012207031
18.2641506195068	5011.84033203125	0.132231399416924	0	51.6529006958008	654.400024414062	648.299987792969	651.349975585937
18.955041885376	5261.37060546875	0.0961538478732109	3.84615397453308	50.7634010314941	662	640.799987792969	651.400024414062
21.0389614105225	4276.115234375	0.154320985078812	2.46913576126099	58.2042999267578	647	655.900024414063	651.450012207031
20.7407398223877	4566.27001953125	0.178571432828903	10.7142858505249	45.714298248291	654.200012207031	649.400024414063	651.800048828125
18.1000003814697	6049.4951171875	0.143646404147148	0	66.8507995605469	651.900024414062	651.799987792969	651.849975585937
19.8461532592773	4974.28125	0.125968992710114	1.93798446655273	24.8148002624512	656.299987792969	647.5	651.900024414062
21.6000003814697	4432.47802734375	0.231481477618217	4.62962961196899	32.1100997924805	648.200012207031	655.799987792969	652
22.4424209594727	4924.619140625	0.138424813747406	5.25059652328491	50	656.400024414062	647.799987792969	652.099975585938
23.0143756866455	4603.65966796875	0.0874512642621994	27.5403823852539	40.3995018005371	651.599975585937	652.599975585937	652.099975585938
17.7489185333252	5973.92529296875	0.226480841636658	14.9825782775879	31.0345001220703	655.099975585937	649.5	652.299987792969
18.2866401672363	5215.94384765625	0.102241575717926	47.8793754577637	47.7024993896484	650.900024414062	653.700012207031	652.300048828125
19.2654418945312	4882.23681640625	0.232235699892044	0	46.0503997802734	657.200012207031	647.5	652.349975585938
22.6666660308838	4145.8359375	0.241176471114159	1.76470601558685	32.3529014587402	660.299987792969	644.5	652.400024414063
19.294116973877	7542.0380859375	0.219512194395065	0	65.8536987304688	655.200012207031	649.599975585937	652.400024414063
17.3636360168457	5247.01806640625	0.196335077285767	0	59.2137985229492	653.099975585937	651.900024414062	652.5
19.8214282989502	5169.81494140625	0.204750210046768	7.28910732269287	25.3071002960205	656.799987792969	648.900024414062	652.849975585937
20.4337787628174	5951.005859375	0.0962059646844864	17.028003692627	36.4499015808105	656.099975585938	650.099975585937	653.099975585937
21.0372085571289	4746.572265625	0.0904267057776451	10.4355516433716	29.1986999511719	653.700012207031	653.099975585937	653.400024414063
19.9246234893799	4944.09228515625	0.0617906674742699	2.26986122131348	30.7691993713379	652.400024414063	654.599975585938	653.5
19.0098571777344	6306.4873046875	0.151370674371719	28.2479133605957	38.2001991271973	655.599975585937	651.5	653.549987792969
23.8222217559814	4260.306640625	0.06529850512743	8.76865673065186	28.1716003417969	653.400024414063	653.700012207031	653.550048828125
19.3690853118896	4718.1630859375	0.117263846099377	7.49185657501221	28.6644992828369	654.099975585937	653.299987792969	653.699951171875
19.8285713195801	4751.2998046875	0.161383286118507	9.79827117919922	53.6022987365723	655.5	652.099975585938	653.799987792969
15.2588548660278	5653.45361328125	0.178571432828903	12.5	63.6904983520508	655.900024414063	651.799987792969	653.849975585937
17.1612911224365	5920.25341796875	0.152255639433861	0	29.6434993743896	656.599975585937	651.299987792969	653.949951171875
21.8133335113525	4825.5908203125	0.114303179085255	31.2041549682617	76.7725982666016	651.400024414062	656.799987792969	654.099975585937
19.0747127532959	5532.58203125	0.13105134665966	1.36919319629669	40.9291000366211	657.799987792969	650.599975585937	654.199951171875
25.7851238250732	3926.06958007812	0.0448717959225178	9.61538505554199	47.8527984619141	659.799987792969	648.599975585938	654.199951171875
18.2126140594482	5805.63671875	0.145261287689209	0	62.2675018310547	655.099975585937	653.5	654.299987792969
18.1660633087158	4899.23974609375	0.136276915669441	24.2572898864746	41.0545997619629	652.700012207031	656.5	654.599975585938
16.972972869873	4884.8623046875	0.12101911008358	9.55414009094238	10.1266002655029	654.200012207031	655.5	654.849975585938
21.5008735656738	5139.9375	0.125405848026276	5.92532444000244	25.888500213623	653.5	656.200012207031	654.849975585938
20.6000003814697	5249.36474609375	0.126213595271111	0.970873773097992	23.3010005950928	662.200012207031	647.599975585937	654.900024414063
16.990291595459	5399.0703125	0.0971428602933884	18.2857131958008	70.2856979370117	650	660.099975585937	655.049987792969
20.7795448303223	4965.2900390625	0.0580303408205509	4.9843487739563	23.4409008026123	657.400024414063	652.700012207031	655.050048828125
15.5124664306641	6210.3232421875	0.239285707473755	4.28571462631226	56.5217018127441	660.400024414062	649.700012207031	655.050048828125
19.8850574493408	4797.50341796875	0.110982656478882	3.35260105133057	12.5740995407104	660.799987792969	649.599975585937	655.199951171875
21.3988227844238	5397.16162109375	0.128219798207283	32.7074966430664	21.3433990478516	655.400024414062	655.200012207031	655.300048828125
20.4975128173828	5078.5	0.174757286906242	9.46601963043213	60.9222984313965	653	657.700012207031	655.349975585937
19.3637580871582	4733.74658203125	0.097913071513176	6.26078748703003	36.8899993896484	657.599975585937	653.099975585937	655.349975585937
17.659574508667	4963.06005859375	0.219879522919655	13.2530126571655	34.0360984802246	653.200012207031	657.599975585937	655.400024414062
21.0179557800293	5431.17724609375	0.0661384761333466	3.16913533210754	34.4471015930176	662	649.099975585937	655.549987792969
19.0556488037109	5382.0888671875	0.106194689869881	16.9911499023438	36.6371994018555	651.599975585937	659.799987792969	655.699951171875
22.5384616851807	5724.44189453125	0.133105799555779	0.853242337703705	37.8839988708496	662	649.599975585937	655.799987792969
21.1078720092773	4843.42724609375	0.123520128428936	6.64956569671631	34.2344017028809	655.900024414063	655.799987792969	655.849975585937
20.0513534545898	5730.34912109375	0.1373690366745	0.116414435207844	40.1629981994629	654.099975585937	658.700012207031	656.400024414062
14.2017631530762	5635.7861328125	0.137931033968925	0	20	657.799987792969	655.200012207031	656.5
18.4768676757812	5671.6572265625	0.238828971982002	6.93374443054199	19.5685997009277	658.700012207031	654.400024414062	656.550048828125
18.6354160308838	7070.63330078125	0.243152603507042	9.55841255187988	56.0088996887207	655.400024414062	657.900024414062	656.650024414062
20.9459457397461	5097.34326171875	0.0645161271095276	0.903225779533386	61.4193992614746	661.5	651.900024414062	656.700012207031
21.0854816436768	5482.67724609375	0.190476194024086	1.15830111503601	39.8487014770508	663.400024414062	650.200012207031	656.800048828125
18.6928806304932	5642.83203125	0.119101762771606	40.1080169677734	49.4268989562988	656.700012207031	656.900024414062	656.800048828125
20.8680782318115	5280.0234375	0.124442830681801	16.6632118225098	50.9707984924316	657.599975585937	656.400024414062	657
19.8255767822266	5433.33984375	0.151155203580856	21.955358505249	32.1367988586426	657.299987792969	656.700012207031	657
19.75	4529.28369140625	0.215189874172211	8.86075973510742	25.316499710083	661	653.299987792969	657.150024414062
19.5	6039.98583984375	0.358974367380142	0.854700922966003	36.1344985961914	664.900024414063	649.900024414063	657.400024414063
18.3908042907715	6168.2294921875	0.231250002980232	0	36.7816009521484	672.799987792969	642.200012207031	657.5
18.7867641448975	5774.97021484375	0.0587084144353867	3.91389417648315	51.8518981933594	664.200012207031	650.900024414062	657.550048828125
19.7701797485352	4806.76171875	0.10685920715332	11.9494590759277	25.5596008300781	659.700012207031	655.599975585937	657.650024414062
19.3333339691162	4840.93603515625	0.0834845751523972	3.99274039268494	51.5625	660.200012207031	655.299987792969	657.75
21.4639167785645	4954.46630859375	0.0910662859678268	22.9394817352295	37.2910995483398	655.099975585937	660.5	657.799987792969
23.0849227905273	4023.53173828125	0.0966288670897484	2.48563003540039	17.1508007049561	658.5	657.299987792969	657.900024414062
21.0629920959473	5179.4111328125	0.0712616816163063	9.87149524688721	32.6519012451172	657	659	658
18.6868686676025	4385.2294921875	0.151351347565651	0.54054057598114	36.3143997192383	664	652.700012207031	658.349975585938
20.7702350616455	4777.5126953125	0.103079825639725	8.95663166046143	26.9433002471924	654.700012207031	662.5	658.599975585938
19.3055553436279	4862.79052734375	0.230215832591057	6.47481966018677	29.4964008331299	661.299987792969	656.299987792969	658.799987792969
20.1328029632568	5486.02978515625	0.127119362354279	20.7254314422607	32.7654991149902	654.900024414063	663.200012207031	659.050048828125
20.6696357727051	5486.38232421875	0.120786517858505	0.187265917658806	36.7977981567383	662.099975585937	656.200012207031	659.150024414062
22.2815532684326	4631.24365234375	0.0976034849882126	13.9869289398193	31.3708992004395	658.299987792969	660.400024414062	659.349975585937
20.6002712249756	5189.6279296875	0.093377485871315	8.74172115325928	37.1086006164551	662.799987792969	656	659.400024414062
20.8273391723633	4600.6064453125	0.103626944124699	20.0345420837402	31.5	660	658.799987792969	659.400024414062
19.2249240875244	6735.775390625	0.138339921832085	1.38339924812317	33.6301002502441	660.799987792969	658.799987792969	659.799987792969
17.6547698974609	5475.1728515625	0.0882838293910027	2.06270623207092	47.124698638916	660.400024414062	659.400024414062	659.900024414063
17	5990.79443359375	0.193277314305305	28.5714302062988	33.5999984741211	661.700012207031	658.400024414063	660.050048828125
16.4977283477783	7203.24658203125	0.132203385233879	0.169491529464722	30.67799949646	673.099975585938	647.099975585937	660.099975585937
19.7826080322266	4777.76904296875	0.10989011079073	13.7362642288208	54.7619018554687	659.799987792969	660.599975585938	660.199951171875
22.3021583557129	4302.8349609375	0.205645158886909	0	21.2686996459961	667.799987792969	652.799987792969	660.299987792969
17.730770111084	5630.19482421875	0.325379610061646	0.216919749975204	48.8120994567871	666.900024414062	654.599975585938	660.75
20.4483604431152	4708.625	0.0785804837942123	3.12103939056396	22.693000793457	662.099975585937	659.799987792969	660.949951171875
20.3716945648193	5629.96142578125	0.217543855309486	47.3684234619141	66.206901550293	661.099975585938	661.599975585937	661.349975585937
20.1647872924805	4890.98681640625	0.129892468452454	22.7096786499023	15.6559000015259	662	660.900024414062	661.450012207031
21.6153774261475	4929.39306640625	0.150610014796257	29.1207408905029	30.4416999816895	659.099975585937	664.099975585937	661.599975585937
20.5614280700684	4905.22119140625	0.0815602838993073	4.43262434005737	21.3792991638184	672.400024414063	650.799987792969	661.599975585937
19.9555110931396	5156.85693359375	0.134975761175156	4.81421661376953	31.0188999176025	660.099975585937	663.599975585938	661.849975585937
21.1838703155518	4941.78759765625	0.140243902802467	5.24920463562012	18.3878002166748	665.400024414062	658.299987792969	661.849975585937
18.8104228973389	5408.78173828125	0.0782122910022736	1.89944136142731	42.4468002319336	662.700012207031	661	661.849975585937
20.5783824920654	4981.3876953125	0.0855792760848999	8.66293334960938	30.0690994262695	664.299987792969	659.5	661.900024414063
18.3246078491211	4877.08642578125	0.152380958199501	10.4761905670166	0	662.5	661.299987792969	661.900024414063
18.8206272125244	5111.7392578125	0.08626639097929	1.24223601818085	42.6008987426758	660.400024414062	663.5	661.950012207031
20.8163261413574	5201.515625	0.186274513602257	0	45.8824005126953	663.099975585937	661.700012207031	662.400024414063
20	4138.3056640625	0.243750005960464	9.375	56.875	651.400024414062	673.400024414062	662.400024414063
19.6818180084229	5743.59716796875	0.115473441779613	1.38568139076233	25.1037006378174	665.400024414062	659.5	662.450012207031
19.3901767730713	5702.705078125	0.129001885652542	35.3421211242676	44.3907012939453	663.5	661.5	662.5
20.927318572998	4802.15283203125	0.114970058202744	9.64071846008301	27.3544998168945	661.700012207031	663.400024414062	662.550048828125
19.9443664550781	5442.14306640625	0.139470010995865	2.23152017593384	24.7222003936768	669.400024414062	655.700012207031	662.550048828125
20.7910938262939	4522.37548828125	0.09441938996315	0.366403609514236	14.8508996963501	658.299987792969	667	662.650024414062
19.2035388946533	4965.80810546875	0.0898617506027222	0.576036870479584	29.8386993408203	662.400024414063	663	662.700012207031
19.0243911743164	5358.326171875	0.118343196809292	0	37.0873985290527	667.099975585938	658.400024414063	662.75
17.6205787658691	5784.625	0.12773722410202	0.851581513881683	25.6054992675781	668.299987792969	657.5	662.900024414062
20.237154006958	5072.70458984375	0.0797991082072258	5.52455377578735	20.9263000488281	667.400024414063	659.299987792969	663.349975585938
19.2937393188477	5556.041015625	0.158069878816605	0	35.8461990356445	664.299987792969	662.599975585937	663.449951171875
18.8299808502197	5190.31005859375	0.112621359527111	0	26.2136001586914	660.200012207031	666.799987792969	663.5
20.3394927978516	5211.4853515625	0.194239288568497	2.43722319602966	36.4845008850098	666.400024414062	661.299987792969	663.849975585937
19.2289962768555	5284.1640625	0.0902555882930756	20.766773223877	43.2164993286133	659.400024414062	668.299987792969	663.849975585937
17.8913040161133	5331.9208984375	0.154313489794731	2.18712043762207	55.2854995727539	657.700012207031	670.099975585937	663.900024414062
19.5188102722168	5599.60791015625	0.115643210709095	13.6261758804321	13.3691997528076	666.200012207031	661.799987792969	664
19.0845069885254	4881.8994140625	0.298892974853516	13.2841329574585	25.4295997619629	668.700012207031	659.299987792969	664
19.9354839324951	4700.43212890625	0.275080919265747	1.94174754619598	32.6861000061035	671.299987792969	657	664.150024414062
18.8732566833496	5650	0.102495841681957	23.0615653991699	33.8102989196777	666.700012207031	661.599975585937	664.150024414062
20.1417846679687	5318.24072265625	0.118012420833111	0.621118009090424	47.3054008483887	674	654.599975585938	664.299987792969
23.5563716888428	4709.05419921875	0.105577170848846	3.25551223754883	15.9299001693726	663.400024414062	665.400024414062	664.400024414062
21.4647884368896	5143.1904296875	0.0708661451935768	0	30.3731994628906	663.099975585937	665.799987792969	664.449951171875
19.191011428833	5133.009765625	0.120608896017075	2.22482442855835	29.0398006439209	665.5	663.900024414062	664.700012207031
20.1308002471924	5081.45556640625	0.11299492418766	18.5583763122559	30.6436996459961	663.700012207031	665.799987792969	664.75
25.7999992370605	4016.41625976562	0.077519379556179	6.20155048370361	50.3875999450684	667.599975585937	662.299987792969	664.949951171875
18.7777404785156	5374.05029296875	0.108296446502209	18.4574813842773	28.3766002655029	665.900024414063	664	664.950012207031
19.1098155975342	5427.548828125	0.109267860651016	32.0725517272949	31.082799911499	666.799987792969	663.400024414062	665.099975585937
19.7010860443115	5179.64453125	0.196551725268364	3.96551704406738	30.172399520874	656.200012207031	674.200012207031	665.200012207031
18.6159420013428	5400	0.126897618174553	15.3367071151733	24.7471008300781	669.799987792969	660.900024414062	665.349975585937
20.9972114562988	5726.146484375	0.125539690256119	27.6652278900146	36.0007019042969	663.900024414062	667.400024414063	665.650024414062
20	5003.8701171875	0.0701492503285408	12.537314414978	13.8696002960205	670.299987792969	661.5	665.900024414063
20.9832515716553	4969.51123046875	0.133396789431572	12.6801748275757	45.7234001159668	664.5	667.400024414063	665.950012207031
21.6426239013672	4747.2958984375	0.106953494250774	6.90804433822632	15.0886001586914	668	664	666
20.0296726226807	4543.30517578125	0.128888890147209	14.9629621505737	31.851900100708	668.700012207031	663.400024414062	666.050048828125
19.8113975524902	5229.59130859375	0.0785191208124161	11.2693252563477	24.6035003662109	666.900024414062	665.299987792969	666.099975585938
18	4507.35302734375	0.0972222238779068	9.72222232818604	44.4444007873535	671.900024414062	660.400024414062	666.150024414063
19.3581085205078	5302.6279296875	0.0837696343660355	3.31588125228882	15.2097997665405	671	661.299987792969	666.150024414063
20.1791210174561	5545.6103515625	0.113730929791927	0.693481266498566	18.4941005706787	668.799987792969	664.099975585937	666.449951171875
21.1198635101318	4615.90869140625	0.161290317773819	5.14112901687622	22.8831005096436	671.200012207031	661.900024414063	666.550048828125
23.3897361755371	5397.689453125	0	4.96916532516479	22.9839000701904	663.700012207031	669.5	666.599975585937
22.1818180084229	5118.373046875	0.0614754110574722	6.96721315383911	40.1638984680176	672.099975585937	661.200012207031	666.650024414062
19.9428272247314	5008.07080078125	0.110314786434174	7.99606513977051	13.2762002944946	667.5	665.799987792969	666.650024414062
17.7882556915283	4906.0302734375	0.114457830786705	0.48192772269249	32.608699798584	662.099975585937	671.299987792969	666.699951171875
14.7058820724487	6870.34619140625	0.237499997019768	2.5	53.5032005310059	666.900024414062	666.799987792969	666.849975585938
19.0407676696777	5301.71630859375	0.138539046049118	3.84131002426147	20.5809993743896	671.299987792969	662.400024414063	666.849975585938
20.8919544219971	5182.36572265625	0.135123237967491	1.32042253017426	16.0650997161865	667.700012207031	666.599975585937	667.150024414062
19.8385066986084	4999.46875	0.0456140339374542	4.91228055953979	19.8302001953125	669.799987792969	664.599975585938	667.199951171875
19.5219116210937	6732.06640625	0.122448980808258	0	13.0612001419067	672.200012207031	662.700012207031	667.450012207031
20.6862182617187	4612.98974609375	0.191994071006775	0.222386956214905	8.67310047149658	667	667.900024414062	667.450012207031
18.1818180084229	5478.845703125	0.162499994039536	0	29.8642997741699	669.200012207031	666	667.599975585937
18.8922424316406	5666.7138671875	0.137521594762802	17.8540592193604	23.6420001983643	669.400024414062	666.599975585937	668
24.8888893127441	4742.51416015625	0.0669642835855484	4.4642858505249	35.2678985595703	660.5	675.700012207031	668.099975585937
18.5806446075439	4907.392578125	0.159722223877907	9.54861164093018	28.125	665.799987792969	671	668.400024414063
18.0400009155273	5700.40234375	0.166297122836113	3.99113082885742	11.7517004013062	672.700012207031	664.5	668.599975585938
17.7339897155762	5191.83447265625	0.161111116409302	20.6666660308838	24.3362998962402	668.799987792969	668.5	668.650024414063
21.4545459747314	4451.2568359375	0.0847457647323608	7.6271185874939	51.6666984558105	668.5	669.099975585937	668.799987792969
19.9234256744385	5627.52783203125	0	27.4536724090576	42.9640007019043	666.200012207031	671.599975585937	668.900024414062
20.3394203186035	4922.93994140625	0.123785383999348	10.8576259613037	19.3724994659424	665.5	672.400024414063	668.950012207031
22.5460758209229	4969.380859375	0.114744171500206	5.02573394775391	16.9542999267578	666.099975585938	672.099975585937	669.099975585937
21.103443145752	4829.71728515625	0.0891824960708618	14.2361688613892	30.0851001739502	668.900024414062	669.700012207031	669.300048828125
18.1974258422852	6716.69287109375	0.0919811353087425	0.235849052667618	15.3302001953125	680.900024414063	657.700012207031	669.300048828125
20.1076812744141	5205.94189453125	0.219564437866211	2.0706889629364	23.0988998413086	673.299987792969	665.400024414062	669.349975585937
19.1598358154297	4357.826171875	0.197860956192017	8.55614948272705	44.6809005737305	664.599975585938	674.099975585937	669.349975585937
19.5454540252686	5195.9189453125	0.131782948970795	0	27.131799697876	670.099975585937	669.5	669.799987792969
20.8888893127441	6002.07177734375	0.218085110187531	4.78723430633545	36.7020988464355	673.200012207031	666.5	669.849975585938
18.3915023803711	5090.587890625	0.0957095697522163	3.96039605140686	46.1221008300781	669.200012207031	670.700012207031	669.950012207031
19.1799030303955	5112.39013671875	0.0959167927503586	1.57935285568237	19.5300006866455	669.200012207031	670.799987792969	670
19.3977069854736	5287.35498046875	0.152893394231796	3.5939085483551	12.1747999191284	672.799987792969	668.599975585938	670.699951171875
21.6782722473145	4889.47998046875	0.148633524775505	8.72622680664063	15.5128002166748	671.200012207031	671.299987792969	671.25
19.2888889312744	5118.13037109375	0.140552997589111	0	19.0091991424561	674.599975585937	668	671.299987792969
20.3492736816406	5119.123046875	0.246633216738701	0.264061272144318	8.34430027008057	674.900024414063	668.299987792969	671.599975585937
20.9641609191895	4792.21142578125	0.133115366101265	1.44792151451111	14.2659997940063	671.400024414062	671.799987792969	671.599975585937
19.4603900909424	5450.103515625	0.0693215355277061	0.147492617368698	15.9292001724243	677.599975585937	665.700012207031	671.650024414062
19.2857151031494	5210.724609375	0.141975313425064	0	33.918098449707	679.799987792969	663.599975585938	671.699951171875
20.9197940826416	4715.44580078125	0.0977840274572372	3.70500636100769	11.7012996673584	668.900024414062	674.599975585937	671.75
20.9002132415771	4632.068359375	0.124060153961182	0.268528461456299	21.0891990661621	673.099975585938	670.700012207031	671.900024414062
20.5957450866699	5028.5615234375	0.126033052802086	0	10.4141998291016	679.599975585938	664.200012207031	671.900024414062
19.375	5695.466796875	0.206451609730721	4.51612901687622	12.2580995559692	672.299987792969	671.599975585937	671.949951171875
19.9512233734131	4504.294921875	0.135252371430397	2.44479489326477	2.03279995918274	676.099975585938	668	672.049987792969
18.8497333526611	5156.43701171875	0.18165785074234	0	29.0209999084473	673.900024414062	670.200012207031	672.050048828125
18.1178703308105	5433.51416015625	0.141657918691635	0	33.921199798584	668.099975585937	676.5	672.299987792969
19.1834087371826	5254.6318359375	0.141891896724701	5.40540552139282	25.9867992401123	674.599975585937	670.099975585937	672.349975585938
22	4593.19677734375	0.121212124824524	0	12.7451000213623	672.700012207031	672.200012207031	672.450012207031
21.5841579437256	4320.6787109375	0.22477063536644	6.42201805114746	25.1121006011963	669.400024414062	675.700012207031	672.550048828125
20.3888893127441	4920.77734375	0.159400537610054	6.53950929641724	12.8205003738403	676.099975585938	669.299987792969	672.699951171875
16.2931022644043	6905.869140625	0.264550268650055	14.2857151031494	32.1244010925293	679.099975585937	667	673.049987792969
18.2777824401855	5729.904296875	0.190664559602737	3.67879748344421	2.4456000328064	675	671.5	673.25
19.3747158050537	4825.2021484375	0.0970873758196831	0.502176105976105	11.1817998886108	676.099975585938	670.5	673.299987792969
18.9090900421143	5388.17041015625	0.100961536169052	0	32.8638000488281	680.5	666.599975585937	673.549987792969
16.406925201416	5133.8271484375	0.0765171498060226	22.6912937164307	22.1636009216309	670.5	676.599975585937	673.549987792969
15.5913972854614	5346.15625	0.186206892132759	0	0	670.5	677.299987792969	673.900024414062
18.7069416046143	4789.30908203125	0.145892351865768	0.141643062233925	23.0548000335693	676	672.5	674.25
18.3298530578613	5329.7822265625	0.119589976966381	2.73348522186279	15.75	681	669.799987792969	675.400024414062
17.9023513793945	5371.1728515625	0.126262620091438	1.68350172042847	25.3782005310059	683	668.400024414063	675.700012207031
18.9115657806396	5771.3837890625	0.287769794464111	0	66.9065017700195	680.099975585937	672.200012207031	676.150024414063
20.3249664306641	4993.634765625	0.152225941419601	0.143609374761581	14.0369997024536	673.799987792969	679.299987792969	676.549987792969
20.0245685577393	4854.0380859375	0.12883435189724	0	11.0429000854492	673.299987792969	679.900024414063	676.599975585937
24	4392.6796875	0.096899226307869	11.0465116500854	27.7131996154785	680.5	673.200012207031	676.849975585937
17.6078433990479	5884.43212890625	0.1113585755229	0	48.4847984313965	672.799987792969	681.099975585938	676.949951171875
19.3485336303711	4273.9931640625	0.235690236091614	0	4.04040002822876	679	675.5	677.25
19.6784648895264	5146.7841796875	0.104496516287327	0.0633312240242958	21.7803001403809	678.5	677.400024414063	677.950012207031
18.7286052703857	5351.52294921875	0.127937331795692	0	10.1828002929688	682.900024414062	673.200012207031	678.050048828125
15.8823528289795	7667.57177734375	0.172839507460594	0	0	685.299987792969	671.5	678.400024414063
20.0549125671387	5281.708984375	0.133295297622681	15.0598974227905	19.091100692749	679	678.599975585938	678.799987792969
17.9882526397705	5368.5029296875	0.113775506615639	1.47959184646606	3.73020005226135	684.099975585937	674.700012207031	679.400024414062
16.9662933349609	6429.25732421875	0.205298006534576	2.64900660514832	8.609299659729	676.799987792969	682.200012207031	679.5
19.2393741607666	5387.458984375	0.327695548534393	1.47991538047791	6.53529977798462	683.099975585937	676.200012207031	679.650024414062
19.195858001709	5235.77490234375	0.110823787748814	4.46989297866821	19.2308006286621	678.700012207031	680.799987792969	679.75
19.5990619659424	4829.896484375	0.153427645564079	0.326441794633865	0	680.200012207031	679.400024414062	679.800048828125
20.543478012085	5088.7080078125	0.228571429848671	2.53968262672424	10.65149974823	685.700012207031	674.400024414063	680.050048828125
18.5884838104248	5390.1181640625	0.298102974891663	0.54200541973114	0.677500009536743	684.200012207031	676.700012207031	680.450012207031
15.6041860580444	6588.4306640625	0.213414639234543	11.5853662490845	12.9412002563477	682.799987792969	679.799987792969	681.299987792969
15.2930402755737	6196.69482421875	0.173652693629265	11.3772449493408	11.4582996368408	680.799987792969	681.799987792969	681.299987792969
17.655366897583	4645.4130859375	0.200000002980232	0	14.3999996185303	688.5	674.700012207031	681.599975585937
17.579761505127	6489.9287109375	0.103574700653553	1.37488543987274	0.536700010299683	689.799987792969	674	681.900024414062
22.3333339691162	5094.958984375	0.20149253308773	2.2388060092926	3.73130011558533	681.799987792969	682.5	682.150024414062
18.75	4841.95849609375	0.0916666686534882	5.33333349227905	29.3185005187988	680	684.900024414063	682.450012207031
18.102409362793	6315.3125	0.156960621476173	2.77315592765808	3.62199997901917	685.599975585938	679.5	682.549987792969
20.2564105987549	5399.38330078125	0.0949367061257362	0	16.25	687.299987792969	678	682.650024414062
18.802074432373	5429.4736328125	0.183528423309326	17.7257518768311	6.27089977264404	682.400024414063	684.299987792969	683.349975585938
18.7723045349121	5644.2861328125	0.0627376437187195	0	11.4068002700806	684.5	682.299987792969	683.400024414063
20.4052104949951	6060.2568359375	0.312056750059128	0	9.35249996185303	680.400024414062	688.200012207031	684.300048828125
18.6507930755615	5319.5537109375	0.127659574151039	0.425531893968582	5.93219995498657	688.5	680.200012207031	684.349975585937
20.7070713043213	4819.90380859375	0.123780488967896	6.06707334518433	7.85930013656616	682.200012207031	687.400024414063	684.800048828125
22	5208.22607421875	0	10.1275911331177	12.5	686.200012207031	683.700012207031	684.950012207031
17.6997756958008	5859.96484375	0.163502112030983	3.37552738189697	1.89869999885559	692.200012207031	679.900024414063	686.050048828125
21.4832897186279	4962.73681640625	0.146572098135948	8.6485424041748	4.69089984893799	683.099975585937	690.299987792969	686.699951171875
16.7010307312012	7614.37939453125	0.259259253740311	12.3456792831421	20.4818992614746	693.799987792969	681.299987792969	687.549987792969
19.5756721496582	5566.4677734375	0.19508670270443	1.58959531784058	2.79209995269775	691.599975585937	686.599975585937	689.099975585937
17.2580642700195	7039.94921875	0.157009348273277	1.4953271150589	0.720000028610229	693.5	688.599975585938	691.049987792969
17.3752555847168	6604.06396484375	0.158929973840714	10.3855228424072	9.67739963531494	687.700012207031	695	691.349975585937
17.3493118286133	6180.14892578125	0.13659793138504	6.13402032852173	3.91750001907349	693.700012207031	690.099975585937	691.900024414062
16.2622852325439	6460.6572265625	0.256846070289612	2.2662889957428	1.41639995574951	695.900024414063	692	693.950012207031
17.7004547119141	6415.35498046875	0.172222226858139	2.47863245010376	2.43589997291565	693.599975585938	694.900024414063	694.25
20.1288146972656	5230.876953125	0.142980679869652	0.893629252910614	0.17339999973774	697.900024414062	691.700012207031	694.800048828125
18.2653942108154	5838.171875	0.142450138926506	2.42165231704712	2.61159992218018	695.099975585937	695.299987792969	695.199951171875
14.5421361923218	7711.5068359375	0.234309628605843	3.76569032669067	0	701.299987792969	689.299987792969	695.299987792969
19.1526107788086	5592.76513671875	0.127851456403732	1.96286475658417	0.303299993276596	697.400024414063	695.700012207031	696.550048828125
17.3657417297363	5933.154296875	0.192402973771095	0.578034639358521	0.12389999628067	699.099975585937	697.299987792969	698.199951171875
15.1389846801758	7593.40576171875	0.312594830989838	2.80728387832642	0	695.400024414062	701.099975585938	698.25
17.8426609039307	6500.44970703125	0.100000001490116	1.36363637447357	0	693.299987792969	703.599975585938	698.449951171875
15.4070415496826	7217.26318359375	0.304221242666245	1.16448330879211	0	698.299987792969	699.900024414063	699.099975585937
18.8653392791748	5392.638671875	0.122170016169548	2.05040574073792	0.59799998998642	698.900024414062	701.700012207031	700.300048828125
16.4741344451904	7290.3388671875	0.198170736432076	5.99593496322632	3.55690002441406	700.900024414062	707.700012207031	704.300048828125
17.8626251220703	5741.462890625	0.193609029054642	4.72610092163086	1.50380003452301	704	709.5	706.75
21.885856628418	4402.83154296875	0.102040819823742	24.2630386352539	37.1938018798828	648.299987792969	641.700012207031	645
20.2000007629395	4776.33642578125	0.138613864779472	2.97029709815979	59.4058990478516	667.900024414062	676.5	672.200012207031
19.0364017486572	5993.392578125	0.176040500402451	5.00562429428101	47.5712013244629	660.5	651	655.75
